# Model:              Juling_22_11_17_MODEL_C1.mph
# Version:            COMSOL 5.3.0.260
# Date:               Nov 23 2017, 16:05
# Table:              Probe Table 1 - 
# Time (h)               <T>_icypatch (K)           Icy Patch<cosZ>          <T>_floor (K)          Floor Crater<cosZ>       

0	181.4383882112074	0.0031621976585384784	181.64052145929813	0
0.5	179.14574545164683	0.001769995139880413	179.33361703875318	0
1	178.26548074381327	0.0015064497770290125	178.4460283602368	0
1.5	177.74010319722012	0.006325671625549261	177.8497095167332	0
2	177.31990530939382	0.017742294785885883	177.336784838708	0
2.5	177.12004084495499	0.03548578900060753	177.68407783045777	0.025020365071937913
3	177.1504257958996	0.06772794870681781	178.9303021442146	0.23914095354558101
3.5	177.25229009190255	0.12261286185123224	180.2935066718291	0.4856935021292565
4	177.58880335167487	0.17562428165279234	182.04072823178333	0.674110976451817
4.5	177.92531661144744	0.21330077636772382	183.7879497917371	0.7819772132715002
5	178.06726925782596	0.23163443631715505	184.25030401508582	0.7964911734768573
5.5	178.20484385421219	0.22466018243869265	184.6837458427802	0.7159304110298261
6	178.03258870579543	0.1957450959873325	183.72500890338864	0.5498554844641856
6.5	177.74132798659875	0.15038470525147624	182.23153625323096	0.31797535640882485
7	177.37513194581047	0.0950149068202617	180.86433367832555	0.06761268756439885
7.5	176.92340652697436	0.04781946308247011	179.64125273755798	1.269148242611831E-4
8	176.50315281483947	0.025253712603769986	178.5485123469717	0
8.5	176.20023845309098	0.012148258076784714	177.9417346540071	0
9	175.89732409134302	0.003964941652241094	177.33495696104308	0
9.5	175.71474779432768	0.0018042794188873011	176.95057527079913	0
10	175.5377119217768	0.0014919297165804076	176.57643280333878	0
10.5	175.59750477187245	0.005182285673670153	177.0143232941602	0
11	175.75856179541822	0.015463132487807268	177.79942608852392	0
11.5	175.91961881896356	0.03269345588709034	178.58452888288764	0.010408159590666998
12	176.08067584250938	0.06053028335428049	179.36963167725082	0.200159169316228
12.5	176.28471157630932	0.11430436076120333	180.2387861047526	0.45222016347186944
13	176.67259233609764	0.16858926253781764	181.4674784194379	0.6508606814016221
13.5	177.06047309588604	0.2089280801886809	182.69617073412292	0.7717091934941814
14	177.44835385567256	0.23032553761079558	183.92486304880808	0.8004239875004704
14.5	177.5900287494326	0.22740801202579086	184.15573972645615	0.7335973316594803
15	177.31400263633134	0.20121099750659055	182.69377048221162	0.5791598876901236
15.5	177.03797652322936	0.15771139033605347	181.2318012379676	0.35543953852231996
16	176.76195041012758	0.10362214142735464	179.76983199372384	0.0962794220013359
16.5	176.46448395518473	0.052523719047229474	178.73778555693136	0.0012626138599863956
17	176.14963122426232	0.027845262559455734	178.0543695961017	0
17.5	175.83477849333894	0.013817461994027483	177.37095363527132	0
18	175.62977642161644	0.004886498888906332	176.94787106905255	0
18.5	175.45327130989008	0.0018729844907268772	176.59232301183133	0
19	175.2904266836451	0.0015329293384898125	176.28304220914262	0
19.5	175.49516922956676	0.004132611307741939	177.2187573681127	0
20	175.69991177548832	0.013438127341527353	178.15447252708267	0
20.5	175.90465432140948	0.029929730370955747	179.09018768605134	0.0027706080415436114
21	176.1093968673309	0.05415231905292269	180.0259028450207	0.16236584180699634
21.5	176.31413941325243	0.1060135239505043	180.96161800399085	0.41754755489278783
22	176.5651031700356	0.16112401087272565	181.81553672001832	0.625889683517127
22.5	176.8588259690164	0.20413504096437016	182.59378590056374	0.7594032425934799
23	177.15254876799762	0.2283927602718853	183.37203508110966	0.8022434938419403
23.5	177.44627156697769	0.22957862600899132	184.15028426165605	0.7493263651010544
24	177.38385571847974	0.20622862969894948	183.6971413622662	0.6069318032258277
24.5	177.02883716017098	0.16493444316970754	182.23228950632878	0.3919585006112841
25	176.67381860186256	0.11217256341765099	180.76743765039137	0.13132243709913335
25.5	176.31880004355418	0.05793439266883239	179.30258579445305	0.004120952785995923
26	176.01571672945033	0.030797062896330052	178.34144363124037	0
26.5	175.75047658425717	0.015569753267657818	177.74733490122247	0
27	175.48523643906495	0.005954416188328415	177.15322617120506	0
27.5	175.30934174729083	0.0019686424330125443	176.7334835498761	0
28	175.18671416199948	0.001592547556153748	176.4176967284574	0
28.5	175.06408657670798	0.0032693194627058273	176.10190990703796	0
29	175.1115932744355	0.011605654375653602	176.39791009719812	0
29.5	175.2412036894029	0.02728114027061353	176.98914759589815	3.722168366497843E-4
30	175.37081410436994	0.04861470819119988	177.58038509459868	0.12667131341540472
30.5	175.6669342481979	0.09769894663150551	178.7317693758084	0.3817666922606179
31	176.14955161187214	0.1534475763302422	180.51053932606396	0.5992635318630233
31.5	176.6321689755458	0.19894161922366368	182.2893092763186	0.7450916637867321
32	176.99759985008419	0.22588273429559133	183.50636544372017	0.8019449162828965
32.5	177.04438578842428	0.23118512580820397	183.19605054796241	0.763076222518774
33	177.0911717267642	0.2109282421721868	182.88573565220554	0.6330983295759061
33.5	177.10863226940765	0.1719314591160178	182.50106104392154	0.42743638011470675
34	176.7115712213691	0.12064370557990922	181.06529383870443	0.17068974616184537
34.5	176.3145101733303	0.06417831349696013	179.6295266334862	0.010008847261389987
35	175.94174189772966	0.03390441290671511	178.35052265263116	0
35.5	175.67703584666575	0.017420399956447327	177.76885294243877	0
36	175.412329795602	0.007098237780918825	177.18718323224712	0
36.5	175.19096515905204	0.00205810850198726	176.6851992711452	0
37	175.07024376231783	0.001647084875905528	176.3682538475624	0
37.5	174.9495223655847	0.0025814177058669204	176.05130842398057	0
38	174.93694484207668	0.010025217461309889	176.13486003790086	0
38.5	175.0746405708473	0.02466157245768991	176.77492946977867	1.1145493971912298E-5
39	175.21233629961722	0.044179314135720175	177.41499890165522	0.09434009419011533
39.5	175.44272008389058	0.08945144134175538	178.36015898190908	0.3449715006195114
40	175.9245904078051	0.145571583320622	180.13310847926368	0.5710521202955541
40.5	176.4064607317196	0.19331341467175417	181.90605797661934	0.7288120250801984
41	176.8369095471247	0.2231196034750973	183.43225328699745	0.7995290385917575
41.5	176.89071309218085	0.2321653668257189	183.15105709606627	0.7748108104294302
42	176.94451663723748	0.2152219917154522	182.86986090513497	0.6575907794040995
42.5	176.99832018229395	0.1787456974829481	182.5886647142047	0.4617800473215175
43	176.6128762211374	0.1289189594287631	181.14856439882706	0.210616477239997
43.5	176.21428783152388	0.07149832810981677	179.67378401779987	0.01935908600381116
44	175.83303814041744	0.037211930549699075	178.31881009938533	0
44.5	175.56130379469602	0.019344731615302955	177.72056230594018	0
45	175.2895694489741	0.008393778853278041	177.12231451249508	0
45.5	175.0604790640307	0.0022156630675873585	176.60603543043297	0
46	174.9297538105315	0.0016963981368544232	176.27883032092797	0
46.5	174.79902855703384	0.0019432567294342608	175.9516252114236	0
47	174.780115451856	0.008520506381156317	176.00641918042834	0
47.5	174.8882246145335	0.02204148241429443	176.49517663192904	0
48	174.99633377721025	0.04077772633338329	176.98393408342986	0.06487258378715637
48.5	175.2189454108717	0.08132456174866876	177.8795090593792	0.3072585676352071
49	175.70437731240753	0.13739890053836637	179.70886205629222	0.5413295039906645
49.5	176.18980921394342	0.18719966863909318	181.53821505320423	0.7106070606527651
50	176.62598850606878	0.21997106619393553	183.11990342524302	0.7950022024663674
50.5	176.75647988102074	0.23251677592120132	183.16445327319127	0.7844993254480087
51	176.88697125597253	0.2189746097250562	183.20900312114026	0.6803448598381225
51.5	176.86712775777934	0.18515655760869873	182.7657268520467	0.4948993498367903
52	176.4801783495203	0.13690866177659655	181.13121765805852	0.25017056447870734
52.5	176.09322894126078	0.07983804052978379	179.496708464072	0.032205135811645295
53	175.74375569975408	0.040713944263778244	178.2846595402201	0
53.5	175.44153498805633	0.02139949205341969	177.60527759482267	0
54	175.13931427635904	0.009708304597164897	176.92589564942404	0
54.5	174.95023563687326	0.0026879256095685886	176.50992797952833	0
55	174.77674593354297	0.0017403578913048833	176.13025404407364	0
55.5	174.71587216127136	0.001541441548167156	176.13842013068773	0
56	174.89932880489488	0.007220042860975979	176.9880401128583	0
56.5	175.08278544851728	0.019527663408833405	177.83766009502975	0
57	175.2662420921398	0.03769982245287364	178.68728007720125	0.040058029118723595
57.5	175.4496987357617	0.0734853131242761	179.53690005937187	0.2687268900516389
58	175.6630540122569	0.12898530655288407	180.41309855286653	0.5101737050485381
58.5	176.00496558222656	0.18073705074599936	181.4035776864277	0.6905245586783831
59	176.3468771521961	0.21637210378612226	182.3940568199881	0.7883762908869342
59.5	176.68878872216507	0.23223843064302901	183.3845359535491	0.7921163351468287
60	176.85706669061545	0.22225761168271246	183.73395392490642	0.7013008412389354
60.5	176.5263898953908	0.19132830241506663	182.24121393898108	0.5267073492324817
61	176.1957131001659	0.1446452459042796	180.74847395305616	0.28905576357278245
61.5	175.86503630494065	0.08852838899141866	179.25573396713241	0.05028338357134316
62	175.55056787266886	0.044630223851456895	178.05027865872484	0
62.5	175.26936322107102	0.023545304305900787	177.43440630394758	0
63	174.98815856947343	0.01101862537553908	176.81853394917013	0
63.5	174.77148615616247	0.0033519311534944266	176.34070467510847	0
64	174.62452407079934	0.0017788487445577908	176.01199510745607	0
64.5	174.47756198543652	0.0015033726934998157	175.68328553980282	0
65	174.46268373484037	0.006035850678338336	175.7081848044758	0
65.5	174.52412108266535	0.017175659535459582	175.9373927167092	0
66	174.58555843048927	0.03478133143965817	176.16660062894266	0.020833631354326834
66.5	174.78936672707783	0.06590123845535013	176.95781715178308	0.22959383876174413
67	175.27299561521468	0.12056151611134912	178.8536240650053	0.47766650768497737
67.5	175.7566245033525	0.17395208336353926	180.74943097822822	0.668617235881744
68	176.22682984918103	0.21226453484346197	182.574426754357	0.7796686969231599
68.5	176.38012577420653	0.23137368879420708	182.72767926581338	0.7976418448158954
69	176.53342169923164	0.22538309115068492	182.8809317772705	0.7204037139915249
69.5	176.64723112168377	0.19711254413996945	182.9047242901375	0.557120549261495
70	176.26484219269003	0.15219160779914662	181.30168652703634	0.32717000057057094
70.5	175.8824532636948	0.09710473083589446	179.6986487639354	0.07399830120566693
71	175.50940625665706	0.04888639435734488	178.19699312141142	2.4062411831048065E-4
71.5	175.21449835602064	0.025873432108449078	177.5433330353117	0
72	174.9195904553834	0.01255128842976806	176.88967294921184	0
72.5	174.68213303708973	0.0041630722136088835	176.3642301068154	0
73	174.51882442257545	0.0018117696578224237	176.00427160600685	0
73.5	174.3555158080612	0.0014876526016794306	175.64431310519853	0
74	174.3434185729045	0.00491336214243321	175.62100128304382	0
74.5	174.37743028435747	0.014961096904512014	175.70034326775658	0
75	174.41144199581203	0.03202922641297896	175.77968525246885	0.007990979415388712
75.5	174.61640656049667	0.05891721109854602	176.56947193677246	0.19087347647659678
76	175.0910926919488	0.11230888042144385	178.4801656656317	0.44389324354721565
76.5	175.56577882340048	0.1668093831407773	180.39085939449154	0.6449425991564703
77	176.0376035292455	0.20780152648922026	182.2857740438372	0.7689022780772787
77.5	176.2125006426128	0.22991265694748306	182.54330763376723	0.8010613499491097
78	176.3873977559804	0.2279866223602339	182.80084122369664	0.7376033329055494
78.5	176.53227529744532	0.20247304348307504	182.9551014979962	0.5860591150359676
79	176.15766952330384	0.15948477126207913	181.3222355404248	0.3644132253019702
79.5	175.78306374916394	0.10571798706473026	179.68936958285252	0.10440275038921275
80	175.41559646987196	0.05375491862811067	178.15245884169045	0.0017881597090027635
80.5	175.1125789289574	0.028522326458845282	177.4818775893835	0
81	174.80956138804157	0.014236140718929105	176.8112963370752	0
81.5	174.56487506047284	0.005139729617122398	176.27420808413996	0
82	174.39434020947078	0.001896809259248792	175.9068180501689	0
82.5	174.2238053584687	0.0015478904878072838	175.53942801619746	0
83	174.35398538635698	0.003908158201370924	176.21261562678976	0
83.5	174.568552819932	0.012956829364445916	177.17781289172962	0
84	174.7831202535075	0.029270341973770337	178.14301015666933	0.0017026061071961811
84.5	174.9976876870832	0.052721170256418086	179.10820742160888	0.15340352070213675
85	175.21225512065902	0.10398685634445223	180.0734046865491	0.40894256771766857
85.5	175.46935435633134	0.1592787253250889	180.97559307748838	0.6195627946090649
86	175.77597713275517	0.20290901230617983	181.80441466087652	0.7561052962829421
86.5	176.08259990917952	0.2278288302831771	182.63323624426425	0.8023658743187727
87	176.38922268560347	0.2300268359931374	183.46205782765253	0.7528545488468987
87.5	176.29087320716525	0.20741141578633343	182.8389221481193	0.613447082594499
88	175.94388959904222	0.16664632814049543	181.32435223803427	0.4006876740108697
88.5	175.5969059909175	0.1142462886946205	179.8097823279495	0.140660572237655
89	175.2499223827944	0.0593399055667254	178.29521241786415	0.005188782241916391
89.5	174.9557012208078	0.03154361523195683	177.47654552916484	0
90	174.6766081983647	0.01601825065378181	176.8574091548091	0
90.5	174.39751517592148	0.006228006621972715	176.23827278045297	0
91	174.24317560701684	0.0019909835719680653	175.88120673436157	0
91.5	174.10112538215756	0.0016062867130802506	175.54995698703186	0
92	173.96850750276002	0.003101341523352011	175.2463316771915	0
92.5	174.04338891202133	0.01121661099443262	175.5504079355314	0
93	174.11827032128258	0.026650654334738	175.85448419387092	2.4982935415281934E-4
93.5	174.1931517305438	0.0474116056815095	176.15856045221102	0.1185419508474526
94	174.59339704864485	0.09569163657847454	177.71038730258772	0.37290622599364165
94.5	175.0790377364014	0.15155921054852406	179.58970014679994	0.5925444444248862
95	175.56467842415856	0.19761860586778057	181.46901299101285	0.7413113437174117
95.5	175.8680515187349	0.22524063392863833	182.40089160431376	0.8015519935382163
96	176.0166131220722	0.23148132815658562	182.52805390146244	0.7661173272544898
96.5	176.16517472540968	0.21201936607396388	182.65521619861198	0.6392125583081057
97	175.98709439331137	0.1736198131606145	181.71087101418678	0.4358981259858128
97.5	175.60408757521793	0.12268587327161322	180.09429045795818	0.18041282586079682
98	175.22108075712518	0.06588126920596067	178.4777099017288	0.01202003923406889
98.5	174.8967112559641	0.034695359404515194	177.51701385322895	0
99	174.59890242339077	0.017871438261794093	176.85341071334872	0
99.5	174.30823254223708	0.007390624635262885	176.20601010546272	0
100	174.14109660157322	0.00207890736571194	175.8389815726565	0
100.5	173.9739606609104	0.0016595659750467178	175.47195303984873	0
101	173.96930736487758	0.0024246601626715164	175.67111018243935	0
101.5	174.18810057843686	0.009646287142387942	176.64888717846264	0
102	174.4068937919963	0.02401458790825177	177.62666417448554	0
102.5	174.6256870055552	0.043283293154928515	178.60444117050886	0.08681423086962647
103	174.84448021911462	0.08746166400878884	179.58221816653165	0.3358788140539102
103.5	175.07720685522943	0.14360216192616831	180.5385323665799	0.563958471984413
104	175.3866028349003	0.19186628723991622	181.37674647516627	0.7245592546218225
104.5	175.69599881457015	0.22238858631913355	182.21496058375308	0.7986218440508467
105	176.00539479424074	0.23230878400485566	183.05317469233896	0.7773568532313005
105.5	176.0891233180261	0.21618888512093176	183.07577116839113	0.6632879076016087
106	175.744551084319	0.18034158870306397	181.5503834724776	0.46995215351508424
106.5	175.39997885061285	0.1308812925933532	180.0249957765633	0.2202937357075744
107	175.0554066169047	0.07345614848456292	178.49960808064978	0.022139239939231618
107.5	174.7441360980005	0.038037037642798824	177.45651520983327	0
108	174.46165196799373	0.01984727014788645	176.83032358512386	0
108.5	174.17916783798714	0.008716011170081653	176.20413196041594	0
109	173.9904283184426	0.002296038576946745	175.77843716214494	0
109.5	173.84393311871452	0.001707588415227479	175.4430926465889	0
110	173.6974379189869	0.0017964710750649174	175.10774813103413	0
110.5	173.72863908349618	0.008194246967086833	175.26199094350727	0
111	173.7930977127951	0.021416068821994944	175.50786440578722	0
111.5	173.8575563420947	0.040033015563324545	175.75373786806765	0.05831446718862035
112	174.16190532267325	0.07940253073535045	176.94072869156213	0.29795752914429235
112.5	174.6463947068321	0.13536444034343212	178.83443097870034	0.533879915688799
113	175.13088409099143	0.18563935005850757	180.7281332658386	0.7058930033610384
113.5	175.51710063801633	0.21915008890378113	182.10348988118506	0.7935831175219833
114	175.67390923480167	0.23250703145987706	182.2688212082675	0.786543622933774
114.5	175.8307178315862	0.21979805214344894	182.43415253535048	0.6856099324948866
115	175.7962286639625	0.1866843606430152	181.96522144859995	0.5027603645101562
115.5	175.41538922624872	0.13880323654702248	180.3479394701395	0.25969461427162227
116	175.03454978853406	0.08195930605611146	178.73065749167787	0.036114425450217105
116.5	174.6878307942544	0.04164076617815657	177.5065549101869	0
117	174.38986721287748	0.021914111377647982	176.84427456530156	0
117.5	174.09190363150012	0.010023801676752356	176.18199422041567	0
118	173.8939570360478	0.0028324029678431506	175.74620025498731	0
118.5	173.72724657672435	0.0017502279743415788	175.38113986861245	0
119	173.60438048863062	0.0015122566161794113	175.16881478248033	0
119.5	173.8279992828574	0.006933819300275719	176.16349691408743	0
120	174.05161807708578	0.018949837294733225	177.1581790456939	0
120.5	174.27523687131287	0.03697770982634788	178.15286117730165	0.03491412188926666
121	174.49885566554127	0.07161076950384251	179.14754330890904	0.25924284557320065
121.5	174.7224744597677	0.12691647882289506	180.1422254405161	0.5023877319834733
122	175.01088250959344	0.1791173510461635	180.98757969852448	0.6853615889905508
122.5	175.31419800242165	0.2154146043222035	181.79857491437738	0.7864490406481468
123	175.61751349524948	0.23207555012053	182.60957013023142	0.7936535210196083
123.5	175.9108295334175	0.22304416731363122	183.38462632807497	0.706120037498059
124	175.56349092567285	0.19277844091332222	181.8571070713367	0.5342366371606707
124.5	175.21615231792885	0.146497726766248	180.32958781459914	0.2984016039858487
125	174.86881371018276	0.09061030249372891	178.80206855786	0.055508315000710996
125.5	174.535739457335	0.04564721305712981	177.47089531050608	2.03215732029881E-5
126	174.25389711605368	0.024077140162126486	176.84491914087354	0
126.5	173.97205477477266	0.011363067443335761	176.21894297124035	0
127	173.7402206578899	0.0035454802429333203	175.6994120350985	0
127.5	173.59492346474946	0.0017873727232129845	175.36407966157142	0
128	173.4496262716091	0.001500002846455113	175.028747288044	0
128.5	173.41380807980062	0.005746918685502113	175.00092202892253	0
129	173.48121945196692	0.016606156046250434	175.26305032209964	0
129.5	173.54863082413314	0.034093517963085164	175.52517861527795	0.017155037618167186
130	173.72203716912773	0.06413602599432174	176.20059006835655	0.22006462611504496
130.5	174.20718883722384	0.11854356030699503	178.09152230300944	0.46956458809688867
131	174.69234050531975	0.1722574310964566	179.98245453766174	0.6630189066336035
131.5	175.1774921734158	0.21122775699290458	181.8733867723138	0.7772383404369204
132	175.33607231725222	0.23107585764610153	182.04699160240062	0.7986678839507481
132.5	175.49227684780112	0.22606985216330208	182.20810389869473	0.7247643834251444
133	175.617379268656	0.19844831749736014	182.26601926357915	0.5642983460048308
133.5	175.23657877880675	0.1539840271076507	180.6453466325956	0.3363130986996362
134	174.85577828895745	0.09920568204564098	179.02467400161112	0.0806780336686843
134.5	174.48508119238198	0.05001982648431877	177.5216387865538	4.4349631133027995E-4
135	174.18638384873978	0.026504720875056894	176.85692240677383	0
135.5	173.88768650509573	0.012954069331804485	176.19220602699318	0
136	173.65211329556405	0.004363194674092421	175.67102762483793	0
136.5	173.4844650851742	0.0018215377833292596	175.30430388799272	0
137	173.3168168747843	0.0015003905536339784	174.93758015114886	0
137.5	173.47406693416966	0.004646470789959156	175.7012724305597	0
138	173.69306033639563	0.014459921022347385	176.6797878411981	0
138.5	173.91205373862113	0.031359762687704074	177.6583032518371	0.006058453471695036
139	174.13104714084653	0.05732622783918446	178.63681866247583	0.18162662231332133
139.5	174.35004054307248	0.11029517311250629	179.6153340731148	0.43549664503837027
140	174.61905823641354	0.16500267155775505	180.51363255960845	0.6389236060060715
140.5	174.92777167443526	0.20664873411578388	181.34827656007315	0.7659751950483629
141	175.2364851124572	0.22946291962525045	182.18292056053812	0.801573548985297
141.5	175.5451985504788	0.22852867384841716	183.01756456100378	0.741494028722327
142	175.3656498935485	0.203703483372664	182.09014722951008	0.5928665788218853
142.5	175.02054976022862	0.16125009327012152	180.56528058132727	0.37332958044297027
143	174.6754496269093	0.1078046797584586	179.04041393314452	0.11275480516154994
143.5	174.33034949358958	0.05504979585442738	177.5155472849615	0.002381948683419823
144	174.04418913819663	0.029232835165505722	176.83224827033334	0
144.5	173.762057363171	0.01466170868766608	176.2064710680516	0
145	173.49197135983053	0.005397968186142485	175.6064182157093	0
145.5	173.34593141312175	0.0019202787551071514	175.27127194244903	0
146	173.19989146641288	0.0015625578896678177	174.93612566918844	0
146.5	173.10478081180955	0.0037008714801915477	174.74186952639639	0
147	173.17006395208253	0.012502420300590787	174.99132468907257	0
147.5	173.2353470923558	0.02862219373917015	175.24077985175	0.0010368480737697847
148	173.3006302326294	0.051357834285809756	175.49023501442778	0.14458878582882903
148.5	173.77525587747886	0.10196388476461164	177.34409107363052	0.4002733314247861
149	174.26033797556977	0.15741989450273386	179.238930765772	0.6131389374604866
149.5	174.74542007366037	0.2016624370479698	181.13377045791347	0.7526891703271859
150	174.99866508903384	0.22722836735080257	181.80531355932334	0.8023628887298133
150.5	175.15683921680295	0.23043816425915928	181.9752117499109	0.7562650579398805
151	175.3150133445711	0.20856583407097995	182.14510994049866	0.619866343777323
151.5	175.05866308712297	0.16834447545092737	180.93666186976685	0.40935388066184514
152	174.67839753568242	0.11631054798613207	179.3161796985474	0.15019904925412994
152.5	174.2981319842418	0.0608324408016898	177.6956975273286	0.006472074342136263
153	173.9856453215874	0.03228918453754015	176.86942750997792	0
153.5	173.68698769120897	0.016463980655684014	176.20520183573157	0
154	173.4126209357795	0.0065004476356678815	175.5961668594545	0
154.5	173.2451549190356	0.0020129548086067067	175.2300184154029	0
155	173.07768890229033	0.0016197230508984836	174.86386997135048	0
155.5	173.1196355483264	0.0029327855319786797	175.2263045243699	0
156	173.34013716571897	0.010834818236037465	176.20996281069225	0
156.5	173.56063878311184	0.026015787715627577	177.19362109701464	1.4967716037406879E-4
157	173.78114040050454	0.046302529889771925	178.1772793833373	0.11058953536058279
157.5	174.00164201789752	0.09367274231083049	179.16093766965898	0.36398710872978113
158	174.24376497503158	0.1496599619794782	180.10586057590967	0.5857325859533635
158.5	174.55110146086	0.19626753010848594	180.93395118360303	0.7374151421921544
159	174.858437946689	0.22458505815321972	181.76204179129704	0.8010338311613019
159.5	175.1657744325172	0.23174042283652352	182.5901323989914	0.7690386970106399
160	175.183883786354	0.21307782314646354	182.37556407091972	0.6452267662770628
160.5	174.83818666409834	0.17529182634538062	180.8494795286813	0.44429143528655063
161	174.49248954184338	0.12470804208853863	179.32339498644185	0.19011514330075263
161.5	174.1467924195885	0.06761740437244813	177.79731044420322	0.014263479579509098
162	173.84155693306593	0.035499461099046135	176.8442700096623	0
162.5	173.55939863230464	0.018329280345830302	176.2180637498639	0
163	173.27724033154314	0.0077086096606126895	175.59185749006662	0
163.5	173.10262399932716	0.0021167625647640553	175.19530709159824	0
164	172.95662520316517	0.0016717359783308225	174.85986943804582	0
164.5	172.8106264070022	0.002270374268242918	174.52443178449363	0
165	172.86390484598326	0.0092657010905449	174.74041002499905	0
165.5	172.9292633958936	0.0233844210356584	174.9898148892895	0
166	172.99462194580354	0.042411767049070175	175.23921975358033	0.07956659072715495
166.5	173.34524930997256	0.0854808751616659	176.60696998760605	0.3267332285716163
167	173.8305537246397	0.14162615151936947	178.50269751289392	0.5567764933716965
167.5	174.3158581393076	0.1903954180716121	180.3984250381809	0.720193205086537
168	174.6655723604438	0.22163789751196536	181.57819012029657	0.797589865066271
168.5	174.82474513267059	0.23241496497314873	181.75183139851882	0.7797814150321793
169	174.98391790489822	0.21712110438645915	181.9254726767409	0.6688812750137437
169.5	174.8851231603598	0.18191036813386968	181.23963637557532	0.47805053296304695
170	174.5052481400216	0.1328364004525942	179.61731707032658	0.22993605100005687
170.5	174.1253731196835	0.07544123553222495	177.99499776507906	0.02512553625992962
171	173.7892449383119	0.03887692301643235	176.89077669127482	0
171.5	173.4901775656485	0.020346411619591553	176.225470517423	0
172	173.1911101929862	0.009036682399922131	175.5601643435698	0
172.5	173.00982690260878	0.0024090076448629247	175.1629606032155	0
173	172.84193714587326	0.0017184601376236922	174.7962434862886	0
173.5	172.77244088394187	0.0016736849969563306	174.77160408627367	0
174	172.9912793874082	0.00787138564778498	175.7493978090024	0
174.5	173.21011789087507	0.020791554641332116	176.72719153173014	0
175	173.42895639434118	0.039281770286271785	177.70498525445822	0.05212242045341946
175.5	173.64779489780747	0.07748084416152008	178.6827789771864	0.2886094826769623
176	173.86663340127348	0.13332008401128884	179.66057269991458	0.526346669684894
176.5	174.17302756730504	0.18406935473174316	180.5017433684475	0.7010685667298784
177	174.48236467752716	0.2182940159690533	181.33832182658634	0.7920400308826452
177.5	174.79170178774942	0.23246001999065347	182.17490028472588	0.7884650122856914
178	174.99870412553156	0.22059673368124544	182.64207219160764	0.6907677767170125
178.5	174.65379511894952	0.18819786339326938	181.11696267293877	0.510542555795977
179	174.30888611236745	0.1406883188175584	179.59185315426924	0.269177600099412
179.5	173.96397710578546	0.08408562755054871	178.06674363560106	0.040295953641649125
180	173.64070595402652	0.04257947223226921	176.85207899947358	0
180.5	173.35845146532992	0.02243469533843923	176.22589290013485	0
181	173.07619697663318	0.010337534508651155	175.5997068007951	0
181.5	172.86198532108023	0.0029816406196444237	175.11901267814557	0
182	172.7157170605774	0.001759772877493609	174.78359790957376	0
182.5	172.56944880007464	0.0015095248142515858	174.4481831410025	0
183	172.5613250788804	0.006646392235065173	174.49257626118379	0
183.5	172.62584242753928	0.018379284819756966	174.73668521172405	0
184	172.69035977619953	0.03627165184936129	174.98079416226597	0.030051222434214323
184.5	172.91933445025518	0.06976238414313103	175.8710857618677	0.2497354205489191
185	173.4047234434216	0.12487909068481164	177.76887571145525	0.4945229934180439
185.5	173.89011243658877	0.1774688962973052	179.6666656610436	0.6800914294473968
186	174.33451892930685	0.21442781794298485	181.34766968770552	0.7843988969685486
186.5	174.49498226921853	0.23188061357445872	181.52669414344498	0.7950666942605018
187	174.6554456091303	0.2238152761206041	181.70571859918434	0.7108288191487768
187.5	174.71442151399563	0.19419758343306417	181.54602077282658	0.5416822119713888
188	174.33496078050064	0.14835000659335465	179.9230062449226	0.30770036743700535
188.5	173.95550004700684	0.09269518906341633	178.2999917170193	0.0610632046280725
189	173.59608087693186	0.046665041704044764	176.91614800156057	5.291529740388126E-5
189.5	173.29684949190948	0.024626408893631175	176.25056968030228	0
190	172.99761810688744	0.011728287506484712	175.58499135904486	0
190.5	172.7778443782118	0.0037438999563022502	175.10035694991154	0
191	172.60984884469676	0.0017955657516754416	174.73363376074096	0
191.5	172.44185331118203	0.0014963407593889878	174.3669105715697	0
192	172.6455868492505	0.005480000711844186	175.29210258437087	0
192.5	172.86436170338723	0.016042567026161428	176.2695695102001	0
193	173.08313655752494	0.033425224224914674	177.2470364360286	0.013759028259711764
193.5	173.30191141166233	0.06237756706693464	178.22450336185636	0.21060033476246137
194	173.5206862658001	0.11652129850790353	179.20197028768598	0.4613890019701531
194.5	173.80058349551032	0.17053510030801372	180.0854200181556	0.6573168583884683
195	174.1102577834994	0.21015714001342287	180.92306728301455	0.7746865213602406
195.5	174.41993207148806	0.2307409891398768	181.7607145478734	0.7995691314898052
196	174.72960635947706	0.2267223435117747	182.5983618127333	0.7290117419158105
196.5	174.47547098423868	0.1997721196799864	181.40035250500043	0.5713877596483374
197	174.13068095909284	0.15575184336553421	179.87503108121652	0.34540323044740234
197.5	173.78589093394646	0.10129544235006063	178.34970965743364	0.08775574710242282
198	173.44425751034322	0.05118790400376872	176.86982495313268	7.564767802234923E-4
198.5	173.16191536542362	0.027133755520224602	176.24339012541245	0
199	172.87957322050394	0.013357136463862667	175.61695529769224	0
199.5	172.62533944498125	0.0046044020820508	175.0506655151855	0
200	172.47893193353138	0.0018461003512967196	174.71509760190065	0
200.5	172.33252442208217	0.001515964148985574	174.3795296886155	0
201	172.26253286068268	0.004393018277647305	174.25335667070453	0
201.5	172.3266321764818	0.013975659093612	174.49461931489844	0
202	172.39073149228142	0.03068516871013694	174.73588195909315	0.0043743771351435045
202.5	172.4964646650106	0.05579483966928301	175.14094003785405	0.17243880202508532
203	172.9819890065486	0.10826355165684175	177.04016810534281	0.42703167232781086
203.5	173.4675133480867	0.16316940845513708	178.93939617283164	0.6328046369801703
204	173.9530376896246	0.2054757079959995	180.83862424032068	0.7629283991196374
204.5	174.16819248037902	0.2289763955092314	181.3058832001251	0.8019605050406865
205	174.329756722965	0.22903744345954452	181.48930838789167	0.7452688147036797
205.5	174.4913209655503	0.20490561955341455	181.67273357565892	0.599581221531948
206	174.1680617755752	0.16300114214583836	180.2351761343185	0.38218721882042916
206.5	173.78900027919525	0.10987439593270971	178.6110465034488	0.12134578904017694
207	173.40993878281498	0.05640230065081768	176.98691687257943	0.0031354368065691315
207.5	173.10717724013224	0.02996147217211034	176.2814429875247	0
208	172.80767879269183	0.015087110957843194	175.61525695322942	0
208.5	172.54952595939443	0.0056590260486290974	175.04331581621352	0
209	172.3812950675683	0.0019433893323970578	174.67634645945932	0
209.5	172.21306417574158	0.0015769292655413221	174.30937710270405	0
210	172.30401246759098	0.0034929030517334056	174.84270779736548	0
210.5	172.52206451789715	0.01207233758369352	175.81755358073931	0
211	172.74011656820318	0.02798033805108797	176.79239936411292	5.944176751017606E-4
211.5	172.9581686185093	0.05004352008362342	177.76724514748582	0.13595999936253986
212	173.1762206688158	0.09992997713975577	178.74209093085946	0.39154119274997656
212.5	173.4297427077697	0.15554683147083945	179.66595502526815	0.6066191099953568
213	173.74042349832968	0.20038400233845144	180.50766375941222	0.7491553954095418
213.5	174.05110428889043	0.2265964216277335	181.34937249355755	0.8022345375388569
214	174.36178507945036	0.23081254690863615	182.19108122770191	0.759557362569219
214.5	174.29910592943378	0.20970357090071515	181.68390126793784	0.6261885895643297
215	173.95470184139268	0.17005392498434294	180.15889496315677	0.41795577429903036
215.5	173.61029775335206	0.1183694340598147	178.63388865837473	0.15989564603323259
216	173.26589366531118	0.06238349419573476	177.10888235359315	0.008008502249905826
216.5	172.96840471243772	0.033052304908982505	176.263962587155	0
217	172.6859792854161	0.016915741426706144	175.6374052130522	0
217.5	172.40355385839476	0.006784002466831544	175.01084783894862	0
218	172.24537956058947	0.002034552729772979	174.6504021225304	0
218.5	172.0987850018232	0.0016328544823199108	174.3147570141274	0
219	171.96743298372922	0.0027643914750307692	174.02069016912114	0
219.5	172.03096030560621	0.010451756791751837	174.25821085286955	0
220	172.09448762748394	0.02537663903761348	174.49573153661842	7.202602047046693E-5
220.5	172.15801494936065	0.045277228159907305	174.73325222036587	0.10284109586738678
221	172.56264375670537	0.09165903023761231	176.31490606926877	0.35501072602300765
221.5	173.04827318117069	0.14773659080717808	178.21574825510362	0.5788290146470805
222	173.5339026056375	0.19488556423828957	180.1165904409401	0.7334036644723649
222.5	173.84396983843885	0.22390300243518466	181.0862602938266	0.8003905096468861
223	174.00667415534684	0.23196236959855646	181.27432524146914	0.7718398779625675
223.5	174.1693784722553	0.21410718137879325	181.4623901891112	0.6511400191963899
224	174.00419659099242	0.1769421668822341	180.55233661210804	0.4526150041453922
224.5	173.62553675805043	0.12671400392528148	178.92732737472647	0.1998297624818232
225	173.2468769251075	0.06940396620776533	177.30231813734468	0.016604148208673956
225.5	172.92092422668514	0.03630619649395932	176.31718160233993	0
226	172.62120616986616	0.01879629213270196	175.6505376427969	0
226.5	172.3245706630888	0.008033972933281638	174.99092517216368	0
227	172.15616500919987	0.0021595675255102714	174.6238129939601	0
227.5	171.98775935531077	0.0016835929951900034	174.2567008157559	0
228	171.96576831842458	0.0021156522805153783	174.39796426340484	0
228.5	172.18339686956477	0.008893575763421554	175.37122632241318	0
229	172.4010254207036	0.022750384996377007	176.34448838142157	0
229.5	172.61865397184417	0.04159737814233815	177.31775044043025	0.07251129515809994
230	172.83628252298325	0.08350865329206539	178.29101249943855	0.3175361649076634
230.5	173.06243084479942	0.13963364918591223	179.25255828165274	0.5495073001529084
231	173.37379991962226	0.18889846955654827	180.09690960302774	0.7157145547250016
231.5	173.6851689944463	0.22085927506313238	180.9412609244016	0.7964332619523976
232	173.99653806926918	0.23248389323575125	181.7856122457756	0.7820841191847933
232.5	174.12647403670596	0.218018504695005	181.9742036188356	0.6743700127302699
233	173.78232718608382	0.18345228038772093	180.44930108363306	0.48607392761020546
233.5	173.43818033546208	0.13477753240043042	178.9243985484311	0.2395419252171494
234	173.0940334848413	0.07748994799714219	177.3994960132283	0.028291291009026234
234.5	172.77840708532466	0.039725533841847294	176.2901546234357	0
235	172.49590322267875	0.020842473857281718	175.66342970102835	0
235.5	172.2133993600327	0.00935574272763434	175.03670477862107	0
236	172.01531565483472	0.0025301748007741922	174.59092933017283	0
236.5	171.86856125477058	0.00172901161515865	174.25517512597798	0
237	171.72180685470565	0.0015958587511726383	173.91942092178354	0
237.5	171.7389181900248	0.007548950819512221	174.02887221010067	0
238	171.80195417344953	0.020185707805565986	174.26309580380865	0
238.5	171.8649901568744	0.03853215856056033	174.4973193975153	0.04623439359039237
239	172.146481911896	0.07556901070851745	175.59364070203097	0.27921588041986367
239.5	172.63221909041638	0.13127733672349676	177.49598104991114	0.5187309362426132
240	173.117956268936	0.182502686140187	179.39832139779247	0.6961345002188081
240.5	173.52240766780352	0.21740298037771594	180.86892982527522	0.7903731822615331
241	173.6862531673263	0.23237574881659767	181.06161181315218	0.7902631950225901
241.5	173.85009866685	0.22138191394304443	181.2542938010286	0.6958175912513003
242	173.8433649437865	0.1896831730812718	180.8746796560578	0.5182447147577858
242.5	173.4651210512392	0.14257212394620955	179.24864270480887	0.27861804881306546
243	173.08687715869164	0.08619802056478901	177.6226057535581	0.044812856204834946
243.5	172.73812582195268	0.04353107619100761	176.3578675668515	0
244	172.43815001717596	0.0229514628313621	175.69065438113404	0
244.5	172.13817421239904	0.01065055905458065	175.02344119541536	0
245	171.93444525751892	0.0031412564855307175	174.57596879467232	0
245.5	171.7658205796806	0.0017689911179933281	174.2086428236753	0
246	171.63139117643402	0.0015067735821732804	173.95998896504892	0
246.5	171.84839146890755	0.006357806316143246	174.93094526718554	0
247	172.06539176138128	0.017805671383272912	175.90190156932053	0
247.5	172.2823920538544	0.035564699413794906	176.87285787145692	0.02550903211789042
248	172.4993923463281	0.06793092514509218	177.84381417359316	0.24020253763783203
248.5	172.7163926388023	0.12284018012017298	178.81477047572926	0.4865807111121196
249	173.00964206034274	0.17580954068164276	179.68718767051467	0.6747148987499594
249.5	173.32189002815994	0.21341538268208102	180.53505245645454	0.7822261783308557
250	173.63413799597708	0.2316611173363051	181.38291724239423	0.7963556353379412
250.5	173.9463859637942	0.2245776327331044	182.23078202833383	0.715426454698186
251	173.61267748723347	0.19559121124969767	180.7427083341114	0.5490429170203398
251.5	173.26886297941377	0.15018258065230525	179.21808872800315	0.31695060939554875
252	172.9250484715941	0.09478253961855418	177.69346912189525	0.0669301037651627
252.5	172.59156352916875	0.047703358658931265	176.32026987039185	1.1553563339297132E-4
253	172.30899518303798	0.025186276526204948	175.69345333411025	0
253.5	172.0264268369078	0.012103905115372042	175.066636797829	0
254	171.7885063135834	0.003942879319799025	174.53559032446572	0
254.5	171.64160506995273	0.0018034265571865412	174.19978119069094	0
255	171.4947038263223	0.0014923870011939722	173.863972056916	0
255.5	171.45035538275994	0.005212109614245649	173.8057096352623	0
256	171.51294213905643	0.015520991886597956	174.03685435911305	0
256.5	171.57552889535364	0.03276693156988852	174.2679990829642	0.010715445181422664
257	171.73344771691984	0.060709270973187256	174.87587176915451	0.20119471070880773
257.5	172.21928997771425	0.11452494218423415	176.77961409494137	0.4531410193537299
258	172.70513223850796	0.16878535855633192	178.68335642072654	0.651511976939776
258.5	173.19097449930248	0.2090528502216587	180.58709874651313	0.7720136361093856
259	173.36838656713658	0.230369135296193	180.8505969989662	0.8003454474273818
259.5	173.53325842235088	0.227341469119461	181.04740590031952	0.7331451296510741
260	173.68561676103812	0.20106890055893417	181.20216817953542	0.5783876888761507
260.5	173.3077408747194	0.15751455364504535	179.57529233528274	0.35443898369339155
261	172.92986498839917	0.10338903788475017	177.94841649103086	0.09540149661641831
261.5	172.55860667608556	0.05238867110306699	176.40324637240687	0.0012073511579282466
262	172.2584187997707	0.027773517993712558	175.73556724051124	0
262.5	171.95823092345609	0.013771561786613103	175.06788810861553	0
263	171.7159977283258	0.004858304142096588	174.53262126226235	0
263.5	171.54719823822072	0.0018703155240538147	174.16513248870407	0
264	171.37839874811561	0.0015312489565264026	173.79764371514472	0
264.5	171.51671768611376	0.004157931519513958	174.49552811475354	0
265	171.7332576947313	0.013492007670853463	175.46475614792266	0
265.5	171.94979770334794	0.030005549276114617	176.43398418108978	0.0029137386051824735
266	172.16633771196524	0.054314981169135856	177.4032122142585	0.1633656483056588
266.5	172.3828777205832	0.10623944892176004	178.37244024742682	0.4184996404197629
267	172.64849400194447	0.16132744664903592	179.28138145555099	0.6265866426394184
267.5	172.96148262296737	0.20427050625524262	180.13212900321045	0.7597623636002868
268	173.27447124398952	0.2284531601792626	180.98287655087006	0.8022221580029854
268.5	173.58745986501194	0.22952655121966137	181.83362409852833	0.7489271044496838
269	173.44626733487735	0.206095161707493	181.04113685982227	0.6062020000696755
269.5	173.10274114741034	0.16474258575589806	179.51660316050584	0.39098476443092617
270	172.759214959943	0.11194101079741811	177.99206946119008	0.13030000482296888
270.5	172.4156887724768	0.05778078279792225	176.4675357618738	0.004018233729722713
271	172.12540224869142	0.03071378981337051	175.7281371338087	0
271.5	171.84273673204592	0.015519752420953412	175.10112689381606	0
272	171.56504920434884	0.00592394814391792	174.48480403990854	0
272.5	171.4179620547032	0.001966137400970397	174.14887085283698	0
273	171.27087490505613	0.0015910023828843729	173.81293766576587	0
273.5	171.16533614937035	0.0032880980954803937	173.58896315416877	0
274	171.2273986104183	0.011650852814224635	173.81661645401897	0
274.5	171.28946107146635	0.027350919589749844	174.0442697538691	3.8702839950262795E-4
275	171.35152353251465	0.04875207589727342	174.27192305371855	0.1275827209333254
275.5	171.8095490239461	0.09792165318414833	176.06669055769117	0.3827475082007518
276	172.29547459776913	0.15365888231892438	177.97187901528042	0.600004325046281
276.5	172.78140017159222	0.1990866566108123	179.8770674728701	0.745504520489696
277	173.05303345675534	0.22595400709304633	180.64106587359345	0.8019808406848229
277.5	173.21897623001573	0.23114992578251978	180.84222105656494	0.7627309512867837
278	173.38491900327597	0.21080765158195844	181.04337623953685	0.6324128378165387
278.5	173.15324678002926	0.17174329090491497	179.90641443075864	0.42649201864801217
279	172.7757545674251	0.12041557731106023	178.2787160873687	0.1696114539156024
279.5	172.39826235482175	0.0639932816878684	176.65101774397928	0.009798078851438347
280	172.08195293589532	0.03381758736955962	175.78486800570076	0
280.5	171.7815520616729	0.017370098675954387	175.11673358023126	0
281	171.5007887687437	0.007066884982983179	174.49349751334546	0
281.5	171.33181880481104	0.002055773980304656	174.12585997957112	0
282	171.16284884087798	0.0016456789674221045	173.75822244579686	0
282.5	171.1884213143026	0.002599742917441689	174.06515064576828	0
283	171.4045412019502	0.010067216064775116	175.0327920455659	0
283.5	171.62066108959726	0.024733307590226832	176.0004334453628	1.3246306458664784E-5
284	171.8367809772443	0.04428563661669134	176.96807484516066	0.09518843790360254
284.5	172.05290086489205	0.08967211957154217	177.93571624495803	0.3459784723232948
285	172.29015983079475	0.14578939582066858	178.87857712582647	0.5718348029519039
285.5	172.60381440561304	0.1934723567340078	179.73188240686926	0.7292775337272449
286	172.9174689804314	0.22319862392745768	180.58518768791222	0.799622128932732
286.5	173.23112355525024	0.23214713396402306	181.43849296895485	0.7745204349565065
287	173.28294697250374	0.21511242520859478	181.34411651338172	0.6569513984627509
287.5	172.9396719184763	0.17856693833429474	179.81970549324328	0.46086753952471965
288	172.59639686444856	0.12869962213633612	178.29529447310486	0.20953913456437145
288.5	172.25312181042085	0.07128241801252055	176.77088345296477	0.019071898844767537
289	171.9449818937637	0.037121699874539386	175.76723801311476	0
289.5	171.66224269092652	0.019288687691574304	175.1400765850668	0
290	171.37950348808965	0.008357881071265751	174.51291515701763	0
290.5	171.1975329092175	0.0022090105624435106	174.10225757079363	0
291	171.05029461816792	0.0016951351836777045	173.7662231505223	0
291.5	170.90305632711863	0.0019605182350139823	173.43018873025133	0
292	170.94523027954384	0.008556667839520752	173.60258487361398	0
292.5	171.0068378354409	0.022112578285712416	173.82714574395075	0
293	171.06844539133814	0.04086006357464101	174.05170661428843	0.06562227779392514
293.5	171.4027749707916	0.08154007813911929	175.35709547717062	0.3082890517940246
294	171.88879453923246	0.13762358704309705	177.26364879368987	0.5421520215720123
294.5	172.37481410767398	0.187371222735452	179.1702021102084	0.7111239992800535
295	172.7401729199992	0.22006011390230934	180.4333438151076	0.7951522143835141
295.5	172.90717671324262	0.23251555808489763	180.63877689452278	0.7842646079720248
296	173.0741805064863	0.2188809466385332	180.84420997393832	0.6797532680947607
296.5	173.00161439742863	0.18498495720580288	180.24210439603328	0.4940210910499868
297	172.62451759959936	0.1366967765154739	178.6134913096236	0.2491098661195787
297.5	172.24742080176998	0.07960291693360047	176.98487822321593	0.03179546610888954
298	171.90873387479996	0.040611011884563536	175.8385242839874	0
298.5	171.6080927846273	0.02134399093905726	175.16985882423822	0
299	171.30745169445547	0.009673142588302484	174.50119336448694	0
299.5	171.11964422851543	0.0026721792599379724	174.0907143233765	0
300	170.9504726571047	0.0017392412086968405	173.72287802196035	0
300.5	170.86367681130776	0.0015448037592479759	173.64053970176386	0
301	171.07922650692666	0.007251769255140838	174.60607126146613	0
301.5	171.29477620254508	0.019593146061364416	175.57160282116735	0
302	171.510325898164	0.037782162911014175	176.53713438086885	0.040653021172683934
302.5	171.72587559378252	0.07369293006460663	177.50266594057163	0.2697781816365401
303	171.94142528940034	0.12921567741373577	178.4681975002725	0.5110338984397994
303.5	172.24855075985914	0.18091523140316443	179.33277342639113	0.6910915703179789
304	172.56300984779196	0.21647712054906323	180.1892645724464	0.7885828305977879
304.5	172.87746893572452	0.23225423102894655	181.04575571850236	0.791937891803
305	173.1222166271122	0.22216902432872407	181.64981016435357	0.7007585916265108
305.5	172.77925060744266	0.19116527232254518	180.12565434276436	0.5258656448918573
306	172.43628458777292	0.14443922882085178	178.60149852117388	0.2880144938716057
306.5	172.093318568103	0.0882961569458865	177.07734269958456	0.04971900232247305
307	171.76757085072788	0.04451714529750809	175.80989261821384	0
307.5	171.4847626549622	0.023485965353209994	175.18262305469756	0
308	171.20195445919575	0.010981351832379485	174.55535349118128	0
308.5	170.98019547197586	0.003330384192091818	174.059346057376	0
309	170.832804445365	0.001777881263818999	173.72323745148321	0
309.5	170.68541341875303	0.0015037290582631954	173.38712884559075	0
310	170.66636633999363	0.006068106374333884	173.39418066965277	0
310.5	170.72751963869447	0.01723876226301405	173.61566875247635	0
311	170.78867293739538	0.034858413629170325	173.83715683530002	0.02126443596589584
311.5	170.99897292240558	0.06610208950248979	174.65051300325013	0.2306539093888241
312	171.48508248991172	0.1207877855487558	176.55838151666902	0.47856211887177613
312.5	171.9711920574177	0.1741386580318764	178.4662500300871	0.6692328321236487
313	172.4297803774327	0.21237763650019856	180.22718041296852	0.7799312222593817
313.5	172.59776685937385	0.23140449282196715	180.43656445588798	0.7975201440193905
314	172.76575334131562	0.22530455102649435	180.64594849880856	0.7199122299195075
314.5	172.85284880145667	0.1969621658008523	180.58228090316726	0.5563176088475364
315	172.47611078563406	0.151991761871709	178.95292050488737	0.326150892868458
315.5	172.09937276981205	0.09687059880117191	177.32356010660808	0.07327523598568063
316	171.73861021749448	0.04876665456696837	175.89632127690126	2.2460311336402648E-4
316.5	171.4377699702716	0.025803016905135142	175.2272194674216	0
317	171.1369297230486	0.012506397680792874	174.55811765794212	0
317.5	170.91055924244068	0.004141096474056153	174.05953132324075	0
318	170.74122701393188	0.0018109539185974044	173.69154704463918	0
318.5	170.5718947854221	0.0014881421860727022	173.32356276603656	0
319	170.75707441425402	0.0049432870086618804	174.1837437225656	0
319.5	170.97221844665324	0.015016630277897647	175.1477328818132	0
320	171.18736247905233	0.032103290063756465	176.11172204105995	0.008233765308806425
320.5	171.40250651145158	0.05909588835833007	177.07571120030815	0.1919010743004752
321	171.61765054385128	0.11253150625077354	178.03970035955552	0.44482192154318845
321.5	171.89614631811267	0.16700847765772564	178.9371917455986	0.6456051640557492
322	172.21127067101554	0.20792805313015225	179.79623558713044	0.769220099907802
322.5	172.52639502391793	0.22996035388125774	180.65527942866237	0.8009967111654812
323	172.84151937682043	0.2279241361032108	181.51432327019384	0.7371639045234893
323.5	172.6219060190294	0.2023343170572523	180.43615146448738	0.5852970462735279
324	172.2792041174806	0.15928790965798267	178.91206187853987	0.3634189547646034
324.5	171.9365022159313	0.10548505598089887	177.3879722925925	0.10348741741323042
325	171.59380031438252	0.053615364247785416	175.8638827066446	0.001728358353488847
325.5	171.31043198569765	0.028443727170332937	175.2293872737437	0
326	171.0275343310189	0.01418874416830552	174.601948702982	0
326.5	170.7660135702365	0.005111639916619529	174.0205064516789	0
327	170.61846371091355	0.0018941795398573933	173.68429355960737	0
327.5	170.4709138515907	0.0015462426018145025	173.34808066753666	0
328	170.3907876749562	0.003931146578756302	173.19145719815756	0
328.5	170.45149553835526	0.01300989865545499	173.4099586542739	0
329	170.5122034017542	0.029343819370586496	173.62846011039076	0.001804727455042377
329.5	170.59810783066814	0.05287714981034463	173.94707723825113	0.154396157134819
330	171.08430277408632	0.1042107894353265	175.8562029506928	0.40990187473579054
330.5	171.57049771750582	0.1594850290984972	177.76532866313386	0.620270588927673
331	172.05669266092346	0.20304682610867636	179.6744543755763	0.756477580322974
331.5	172.2907749217032	0.227893294918141	180.23588166852477	0.8023584672253321
332	172.45972135563954	0.22997885497916268	180.44911762904553	0.7524683296577178
332.5	172.62866778957556	0.20728163599134225	180.66235358956834	0.6127278859200278
333	172.3304791057499	0.1664574414587905	179.29658840885523	0.3997208506061881
333.5	171.95409266095106	0.11401679104094278	177.6665006603854	0.13961226726840636
334	171.57770621615327	0.05918110455109595	176.03641291191568	0.005058168401655909
334.5	171.27052991917347	0.0314609251410176	175.28860883373133	0
335	170.96949263917568	0.015968553001198763	174.61906429704064	0
335.5	170.7045321677207	0.006197663670553745	174.0321819224807	0
336	170.53504012412932	0.001988519426993422	173.6640446914415	0
336.5	170.36554808053808	0.001604775055486874	173.29590746040094	0
337	170.43811375621215	0.003120034762675602	173.76600711820944	0
337.5	170.65285112593148	0.011259932852501939	174.72844207051503	0
338	170.8675884956502	0.026720926454964565	175.69087702281988	2.626919209848647E-4
338.5	171.08232586537062	0.04754221573000336	176.65331197512478	0.11943662821638809
339	171.2970632350896	0.09591540900727301	177.6157469274296	0.37389364384551066
339.5	171.5462974826527	0.15176873626510537	178.54372745353027	0.5932956101972127
340	171.8620687061562	0.19776717525056373	179.40525288367064	0.7417371127184369
340.5	172.17783992966034	0.22531137529387163	180.2667783138094	0.8016018375786278
341	172.49361115316407	0.2314502484701697	181.1283037439487	0.7657853310865818
341.5	172.4673721674206	0.21189965663237725	180.75033352861004	0.6385381216185165
342	172.1249213573641	0.17343230134332807	179.22636483518338	0.4349612876328149
342.5	171.78247054730522	0.12245994757337025	177.70239614175603	0.17933339418592995
343	171.4400197372483	0.06569028973141501	176.17842744832828	0.011789174895500456
343.5	171.1390685979989	0.03460691280218234	175.27991301010562	0
344	170.85609375899332	0.017821472778937333	174.65232490119055	0
344.5	170.57311891998677	0.007356866372219896	174.02473679227447	0
345	170.40713658818575	0.0020766152635538853	173.6490589633263	0
345.5	170.25943563461104	0.0016581945139657434	173.31274491259754	0
346	170.1183812118752	0.002441775078689926	172.9940688301732	0
346.5	170.1786581371275	0.009688473354644735	173.20966784863447	0
347	170.23893506238065	0.024085893312782703	173.42526686709596	0
347.5	170.29921198763262	0.04337984012571111	173.640865885557	0.08763889645941068
348	170.68638913339774	0.08768297333739039	175.15695883523125	0.33689175075994315
348.5	171.17266658005266	0.14382124321887008	177.06729850546694	0.5647510373944274
349	171.65894402670642	0.19202812713253226	178.9776381757018	0.7250373909368918
349.5	171.98614812704767	0.22247157152416216	180.03660600609604	0.7987288083841255
350	172.15603992592327	0.2322946872304182	180.25362723366587	0.777079951577197
350.5	172.3259317247984	0.21608316212276113	180.4706484612361	0.6626600012984698
351	172.18756130286937	0.18016548237497906	179.64429122033312	0.4690477594217796
351.5	171.81152231864496	0.130664300815425	178.01349462943386	0.2192201829059475
352	171.4354833344192	0.07323804497657041	176.38269803853296	0.021819088897756297
352.5	171.10631228863411	0.03794452997421758	175.35386882758323	0
353	170.80507939042752	0.01979159886591347	174.68387454853817	0
353.5	170.50384649222124	0.008680283756556545	174.01388026949374	0
354	170.33185399869313	0.00228522344528414	173.64021831319775	0
354.5	170.16220234287744	0.0017063607507549843	173.27192360933563	0
355	170.1222953476427	0.0018110227862104735	173.35274283954644	0
355.5	170.33662388740484	0.008230568849108435	174.31360384406207	0
356	170.5509524271668	0.021485267615109646	175.27446484857694	0
356.5	170.76528096692874	0.04011608602090378	176.23532585309243	0.05902891270438828
357	170.9796095066908	0.0796159798793749	177.1961868576071	0.2989933257377276
357.5	171.19896706442358	0.1355915779792769	178.15227647332117	0.5347118002460965
358	171.51538162398134	0.18581391486081916	179.0162811741765	0.7064222518785713
358.5	171.83179618353887	0.21924304410071915	179.88028587503277	0.7937469213659134
359	172.14821074309626	0.23250995460156232	180.74429057588787	0.786322542662489
359.5	172.3155748151631	0.21970829623968063	181.06790575560396	0.6850302048371648
360	171.973373843049	0.1865160842695953	179.5440690091221	0.5018907887181037
360.5	171.63117287093397	0.13859383464979064	178.0202322626409	0.2586383873608301
361	171.28897189881837	0.08172220265743771	176.49639551616065	0.03566368434750388
361.5	170.97062976917815	0.041536431906934464	175.33400763775688	0
362	170.68757976894958	0.021856036638165616	174.7062768887285	0
362.5	170.40452976872103	0.009988832674956148	174.0785461397008	0
363	170.19877705604833	0.0028157862905799653	173.61736911228058	0
363.5	170.0509278409631	0.0017491473291063814	173.2809576920665	0
364	169.90307862587753	0.0015144125419299583	172.94454627185226	0
364.5	169.9089417253044	0.00696568216533176	173.01452883976782	0
365	169.9687867844175	0.0190130392111604	173.22723220369366	0
365.5	170.02863184353023	0.03705599216869408	173.4399355676196	0.03546776184937699
366	170.29130016701376	0.07181905076165117	174.46050856695788	0.26029785244085013
366.5	170.77765582205393	0.1271467636534431	176.3720553091335	0.5032567519845778
367	171.26401147709447	0.17929874232262977	178.28360205130843	0.6859405604290643
367.5	171.68380168986693	0.21552224280979734	179.83844340379716	0.7866692540163606
368	171.85467029119445	0.23209548550506784	180.0593842008441	0.7934888424685829
368.5	172.0255388925206	0.22295694968273463	180.28032499789046	0.7055900102753809
369	172.047257237258	0.19261884100034735	179.99571941986994	0.5334041623131163
369.5	171.67158593178942	0.14629169095522	178.36415741183242	0.29736547556979925
370	171.2959146263201	0.09037971075562652	176.73259540379567	0.05491088461059663
370.5	170.94509365827818	0.04553364800264498	175.42280593002178	1.6699599878362957E-5
371	170.64364553571556	0.02401823462653301	174.75231665330014	0
371.5	170.3421974131532	0.011322362724745814	174.08182737657899	0
372	170.13163438882475	0.003524008489204798	173.61988465967644	0
372.5	169.96180433471972	0.0017864419339172664	173.2514085393483	0
373	169.8097143144567	0.0015003917154775847	172.94431233270646	0
373.5	170.02355808673784	0.0057773374135183285	173.9033346014149	0
374	170.23740185901974	0.01666957310612598	174.86235687012544	0
374.5	170.451245631301	0.034169324316630265	175.82137913883432	0.017545161748185593
375	170.6650894035822	0.0643311841141416	176.78040140754428	0.2211199981802398
375.5	170.87893317586352	0.11876865190584356	177.7394236762535	0.47046846235753986
376	171.17102257327	0.1724470974856153	178.62853613850228	0.6636460811885386
376.5	171.48813786597674	0.21134462859121025	179.4952888139367	0.7775143852676001
377	171.80525315868485	0.23111077989717188	180.36204148937037	0.7985600394024622
377.5	172.12236845139188	0.22599533382144857	181.22879416480356	0.7242854479631159
378	171.82439242608987	0.1983014689175125	179.86459477682885	0.5635051573547761
378.5	171.48246214012886	0.15378606174707188	178.340972152593	0.3352997886235228
379	171.14053185416725	0.09897286750440654	176.81734952835708	0.07992385628612796
379.5	170.8050096292324	0.04989024202229272	175.3913186702053	4.153508597475963E-4
380	170.5218994246861	0.026434796899337126	174.76349831800124	0
380.5	170.23878922014015	0.012909426780880588	174.13567796579775	0
381	169.99329325970385	0.0043386960953412735	173.58895328701288	0
381.5	169.84531894660492	0.0018187873301931837	173.2524836286521	0
382	169.6973446335062	0.0014986424324025605	172.91601397029075	0
382.5	169.64225472559139	0.004674581157758315	172.8243097290735	0
383	169.70173008988053	0.014515728218821867	173.03450349307707	0
383.5	169.76120545416913	0.03143440280092956	173.2446972570819	0.006253848969674969
384	169.89889981362543	0.05749841442848063	173.76677144291767	0.18265423189768215
384.5	170.38534393297275	0.11051980876397767	175.67940583726974	0.4364330008815195
385	170.87178805232068	0.16520473364449423	177.5920402316221	0.6395973373393088
385.5	171.35823217166848	0.2067770303482891	179.50467462597362	0.7663063467216841
386	171.55556655825532	0.22951470839784682	179.86637576510205	0.801522821532535
386.5	171.72729842763943	0.22847025394772602	180.09073183815997	0.7410674422302758
387	171.89903029702253	0.2035683796865007	180.31508791121686	0.5921147584957056
387.5	171.53432099957044	0.1610552270698154	178.718978765209	0.3723417486536752
388	171.15897344938193	0.10757369142531689	177.08676767495328	0.11181678480218452
388.5	170.78675599108362	0.054900726429897614	175.49537435284606	0.0023073074126820498
389	170.48512517899593	0.029152551091539858	174.8244617898793	0
389.5	170.1834943669084	0.014614283016572971	174.15354922691205	0
390	169.93428408569926	0.0053688984173341685	173.60299905688214	0
390.5	169.76430459386947	0.0019176886915152117	173.23437011588177	0
391	169.5943251020405	0.001560942755639052	172.86574117488246	0
391.5	169.71341481776986	0.003723937592547963	173.49688539465788	0
392	169.92687066462122	0.012550078487068747	174.45440379305762	0
392.5	170.14032651147392	0.028693223279209663	175.41192219145736	0.0010981429515285576
393	170.3537823583259	0.05150447021210458	176.36944058985583	0.14555647164595964
393.5	170.56723820517738	0.10218885556574435	177.32695898825642	0.40123971090903804
394	170.82922582334245	0.15762659242096275	178.24338182038443	0.6138574570220366
394.5	171.14697820405857	0.20180249467463987	179.1125843588176	0.7530745595674027
395	171.4647305847739	0.22729688669899634	179.98178689725046	0.8023694115325412
395.5	171.78248296548992	0.23039428447422167	180.8509894356823	0.7558919402106883
396	171.67815334153207	0.20843734895481283	180.1886461572806	0.6191578653092856
396.5	171.33648060687716	0.16815331905968098	178.66509144527743	0.408394120225509
397	170.9948078722223	0.11608060428697937	177.14153673327434	0.14912819472192884
397.5	170.65313513756755	0.060664115794033295	175.6179820212714	0.006317978000812338
398	170.3591035671626	0.032204977846678084	174.82414810208823	0
398.5	170.07589869093667	0.01641459391758176	174.1961469030723	0
399	169.7926938147098	0.006470234490912851	173.5681457040561	0
399.5	169.64259806272545	0.002010531933495977	173.22734738014543	0
400	169.4944530458489	0.0016182451438119015	172.89075805944745	0
400.5	169.37868414970958	0.002951541707845511	172.6391524319588	0
401	169.43769796083956	0.010877268596991004	172.84633184832563	0
401.5	169.49671177196953	0.02608654172041255	173.0535112646922	1.5830364528494713E-4
402	169.5557255830992	0.04642027163634049	173.2606906810586	0.11146496260305706
402.5	169.99585415441913	0.09389605071720793	174.98932527854646	0.3649809751014613
403	170.48236168876534	0.14987218626674068	176.90311017973085	0.5864940076237326
403.5	170.96886922311208	0.19641914400332708	178.81689508091478	0.7378537573495085
404	171.25866738414217	0.22465891653659564	179.67415030843375	0.8010975870971052
404.5	171.43131007768739	0.2317134683174968	179.90216135839756	0.7687200274812724
405	171.6039527712321	0.21296190199674478	180.1301724083606	0.6445634894286517
405.5	171.39957188481523	0.1751074374418969	179.07712508784803	0.4433622655818577
406	171.02456031596446	0.12448435405767524	177.444305372159	0.18903678607513702
406.5	170.64954874711466	0.06742121145402838	175.81148565646944	0.014005177789848177
407	170.3294510448039	0.0354099869818743	174.8999336445829	0
407.5	170.02764484643808	0.01827824633666408	174.22863189879274	0
408	169.7397537237537	0.007672370556166048	173.58929902839432	0
408.5	169.56963783872575	0.0021119818703362646	173.22054620968456	0
409	169.39952195369835	0.0016703991777040296	172.8517933909768	0
409.5	169.40616594624572	0.002287539119840092	173.0941496922019	0
410	169.61931427264793	0.009308068358110311	174.05045015007875	0
410.5	169.83246259904934	0.023454632442740632	175.00675060795643	0
411	170.04561092545134	0.04250870410522382	175.96305106583324	0.08035931479079206
411.5	170.25875925185397	0.08570029796154698	176.91935152370937	0.32775197292369423
412	170.49001715429577	0.14184613498361723	177.8609864431764	0.5575788184130738
412.5	170.80829639987763	0.19055986527149876	178.73214953891622	0.7206838947927947
413	171.12657564545927	0.22172222219595336	179.60331263465613	0.7977106867753219
413.5	171.4448548910407	0.2324050064758552	180.4744757303963	0.7795180302126193
414	171.53472115036644	0.2170192413206828	180.51658275659332	0.6682649408919047
414.5	171.1932504818484	0.18173750132598226	178.9930936058522	0.4771543930677277
415	170.85177981333135	0.1326193810905232	177.46960445511166	0.22886645484511026
415.5	170.51030914481387	0.07521788823578149	175.9461153043717	0.024784649620629255
416	170.19910939426015	0.038783920812056366	174.88834956645692	0
416.5	169.91583350095237	0.020291121627713873	174.26019729820842	0
417	169.63255760764466	0.009001130905014974	173.6320450299604	0
417.5	169.4427080339093	0.002395756155926876	173.20560246129892	0
418	169.29442747393406	0.0017172679525688187	172.8689084058625	0
418.5	169.14614691395948	0.001687344623965475	172.5322143504266	0
419	169.17662594407338	0.007907288068940711	172.6631534132395	0
419.5	169.2352488271657	0.020860910948463148	172.86771648538019	0
420	169.29387171025806	0.039365561055464696	173.07227955752043	0.052791202937122916
420.5	169.6089691133444	0.07769499779190413	174.30181954755537	0.2896504307975981
421	170.0955512699991	0.1335477841718689	176.21668264174858	0.5271877919877409
421.5	170.5821334266534	0.1842443161388198	178.13154573593982	0.7016100429207331
422	170.9639716936818	0.2183908642142887	179.48317701127712	0.7922176012070058
422.5	171.13752784164282	0.23246708365622742	179.7148277591129	0.7882576035631694
423	171.31108398960396	0.22050963645659852	179.94647850694935	0.6902000032036096
423.5	171.26732384150023	0.18803095511625592	179.43875578314228	0.5096817980842379
424	170.89266324172422	0.1404793653990632	177.8052131362534	0.2681260087181728
424.5	170.51800264194907	0.08385005140994618	176.17167048936568	0.03982040927761363
425	170.17662821685929	0.042474934134689744	174.97879873966446	0
425.5	169.87461402226162	0.022377039669633756	174.30701144164965	0
426	169.57259982766448	0.010302763946234503	173.63522414363467	0
426.5	169.3777834582427	0.0029650868128034947	173.20989789494485	0
427	169.2074936233897	0.0017587284375057603	172.84096118061711	0
427.5	169.10208137254057	0.001509812383265086	172.69622597669488	0
428	169.31474481683452	0.006678386621226188	173.65068477590665	0
428.5	169.52740826112853	0.01844283232304246	174.60514357511803	0
429	169.7400717054221	0.03634983921548524	175.5596023743295	0.030579831048653906
429.5	169.9527351497165	0.06996571756421142	176.5140611735407	0.2507922176382305
430	170.16539859401047	0.1251044215156104	177.46851997275274	0.4954007050297344
430.5	170.47167665486762	0.17765347001456983	178.35200211734255	0.6806822707436254
431	170.79064384395824	0.21453819328677365	179.22586362890434	0.7846327497847305
431.5	171.10961103304905	0.2319027086395885	180.0997251404667	0.794915806084522
432	171.39347812925965	0.2237308081838959	180.84613609399614	0.7103110966537414
432.5	171.05227417463945	0.19404143849292577	179.32287629450153	0.5408590959389776
433	170.71107022001968	0.14814489967226543	177.79961649500686	0.3066695412650385
433.5	170.36986626540013	0.09246248335521097	176.27635669551208	0.06043227398487895
434	170.04172294174563	0.04655233062211996	174.9551036204089	4.929421457278812E-5
434.5	169.75838542164811	0.024565582864180216	174.32685485990677	0
435	169.47504790155136	0.011687808202950697	173.69860609940523	0
435.5	169.2455138702417	0.003721745429786265	173.18659358973528	0
436	169.09709886287354	0.0017946717984176994	172.84982940366896	0
436.5	168.94868385550512	0.0014967620722610819	172.513065217602	0
437	168.91844087740284	0.005509707079690895	172.4843828973246	0
437.5	168.97667688671567	0.01610258791881812	172.6863708269825	0
438	169.0349128960296	0.033498033226967226	172.8883587566402	0.014126266096317057
438.5	169.22469334383	0.06257211661496159	173.6165951040259	0.21165086247395332
439	169.71134819354558	0.11674348276676334	175.53248853572052	0.4623009988908847
439.5	170.19800304326188	0.1707278289539706	177.44838196741483	0.6579555138270273
440	170.6714649892102	0.2102777633977044	179.2932572241725	0.7749760428027912
440.5	170.84585616216899	0.23078002418920368	179.52821696508028	0.7994751599430199
441	171.0202473351274	0.22665130536853467	179.76317670598837	0.7285454294647308
441.5	171.13760718230387	0.19962604816525667	179.80388013761834	0.570604445981256
442	170.76326064793352	0.15555665692660792	178.1697659910565	0.34439587541151245
442.5	170.38891411356323	0.10106263417562195	176.53565184449582	0.08694433572040208
443	170.0265191042646	0.051056073320873356	175.06084951774375	7.100697177907558E-4
443.5	169.72433731360528	0.027062511384614667	174.3886792718991	0
444	169.42215552294573	0.013310943774191336	173.71650902605484	0
444.5	169.1886370768452	0.0045773179678757275	173.20229454467432	0
445	169.0182141593975	0.0018433882630721945	172.83322741268077	0
445.5	168.84779124194984	0.0015142479667657977	172.46416028068683	0
446	169.01291857672476	0.004421219837862063	173.2542466072079	0
446.5	169.22526286606578	0.014029254968699768	174.207443215493	0
447	169.43760715540623	0.030760373690730352	175.16063982377764	0.004550797229260229
447.5	169.6499514447471	0.05596237742647516	176.11383643206187	0.17345297818695618
448	169.86229573408792	0.1084901622340871	177.0670330403457	0.42797556055851477
448.5	170.1376242509591	0.16337440672202927	177.9748279053654	0.633489430085566
449	170.45714438563402	0.20560767323899767	178.8507675494067	0.7632728291924785
449.5	170.77666452030877	0.2290322680754448	179.72670719344873	0.8019236967991324
450	171.09618465498352	0.22898082954636303	180.60264683748986	0.7448551363703759
450.5	170.91403764536074	0.20477354080138563	179.65635806112627	0.5988397664347168
451	170.57305647406275	0.1628060188942342	178.1331287240221	0.38120597923545757
451.5	170.23207530276437	0.10964469835494771	176.60989938691762	0.12037393799248255
452	169.8910941314667	0.056249755897781376	175.08667004981365	0.0030415576592048143
452.5	169.60372241263735	0.029879701944944402	174.39685287077924	0
453	169.32030053858506	0.015039972128881198	173.76843994990517	0
453.5	169.0511071502351	0.005630070958898507	173.17078596163265	0
454	168.90254832265023	0.0019408393269618794	172.83391800510472	0
454.5	168.7539894950646	0.0015753471343820952	172.49705004857515	0
455	168.6631484236229	0.0035160433158205598	172.3101509348917	0
455.5	168.72099820639198	0.01212022647838437	172.50959732106375	0
456	168.77884798916077	0.028051883915988632	172.709043707235	6.335166638721209E-4
456.5	168.84301405689973	0.050188917109523015	172.9337839279729	0.13690645780724836
457	169.32973651326867	0.1001567768250801	174.85066936385113	0.39251449457669213
457.5	169.81645896963698	0.15575507721232904	176.7675547997284	0.6073482431803062
458	170.30318142600592	0.20052763991439687	178.68444023560613	0.7495538299810515
458.5	170.5563259642959	0.22666772346894173	179.34261385556277	0.8022549892244578
459	170.7315392030746	0.2307727751693107	179.58082890952141	0.7591974042625622
459.5	170.90675244185314	0.20957881454187158	179.81904396347986	0.6254909393623611
460	170.6362975263538	0.16986494620644188	178.53756028982184	0.4170032259265019
460.5	170.26226318695677	0.11814161707207374	176.90287767835304	0.15881606065114617
461	169.88822884755922	0.06220754083860042	175.2681950668846	0.007824253790706689
461.5	169.57677496231136	0.032966928413973126	174.47345508806225	0
462	169.27442458941414	0.01686507620467434	173.8009006739566	0
462.5	169.00218053027982	0.006752493588566685	173.19764309237783	0
463	168.83162388210806	0.0020321715009114544	172.82844324178683	0
463.5	168.6610672339363	0.0016314105553278625	172.45924339119588	0
464	168.7138846719755	0.0027826541885594743	172.86140077129826	0
464.5	168.92590612997134	0.010494407812543387	173.8133227818138	0
465	169.1379275879671	0.02544786393556649	174.76524479232899	8.065486195687301E-5
465.5	169.34994904596263	0.045389518075159695	175.71716680284433	0.1036934341833424
466	169.56197050395798	0.09188212508138503	176.66908881335945	0.3560108865207836
466.5	169.8058326777332	0.14795148069682218	177.59920937866212	0.5796005739312989
467	170.1258892100367	0.1950406627669714	178.47715941034676	0.7338550576487016
467.5	170.44594574233977	0.2239800905617029	179.35510944203133	0.8004681675738117
468	170.7660022746431	0.23193954443420903	180.23305947371648	0.771534584575924
468.5	170.77828286882402	0.21399336429521076	179.99271909766267	0.6504880052269375
469	170.43751020364897	0.17675987205587498	178.46957514779203	0.45169364743228935
469.5	170.09673753847247	0.12649210048378304	176.94643119792076	0.1987505061087186
470	169.75596487329733	0.06920272438837581	175.4232872480493	0.016341004937434605
470.5	169.45166581759386	0.03621520738167104	174.46977940596386	0
471	169.1681732954272	0.01874383265805448	173.8412230274657	0
471.5	168.88468077326004	0.007997892394522291	173.21266664896854	0
472	168.7106480526246	0.0021548311984203607	172.8208877751657	0
472.5	168.56195385603755	0.0016822910626847465	172.48391982201926	0
473	168.4132596594505	0.002132864401190713	172.14695186887238	0
473.5	168.46810842254234	0.008933877169565231	172.33707887017042	0
474	168.52557658462834	0.02282102145776491	172.53398906846817	0
474.5	168.58304474671465	0.04167888570224578	172.7308992667658	0.07328809818882977
475	168.95066084633342	0.08372738571903797	174.171073970804	0.31856055864741806
475.5	169.4374472077312	0.13985615778923818	176.0889566931099	0.5503192601872148
476	169.92423356912718	0.1890662976759973	178.00683941541536	0.7162177215955119
476.5	170.26885653175555	0.22094753781966137	179.15777112925244	0.7965679222679815
477	170.44493376815348	0.23247807456262068	179.39942298748656	0.7818342921156929
477.5	170.6210110045522	0.21792051738569293	179.64107484572133	0.6737653465350898
478	170.5116678863611	0.1832816012578886	178.90827957138472	0.4851861811250682
478.5	170.13796928941386	0.13456292646744075	177.27295427734109	0.23847645186696503
479	169.76427069246733	0.07725977790190086	175.63762898329597	0.027932797628176333
479.5	169.4318971180571	0.03963097051819643	174.56119289649655	0
480	169.1293540438567	0.020787178377846896	173.88819142608548	0
480.5	168.8268109696566	0.009320372674147079	173.21518995567487	0
481	168.64768827399678	0.0025148057975770506	172.8264593705881	0
481.5	168.47697333075678	0.0017278550947232435	172.4570941387153	0
482	168.4177682955729	0.0016021864970945509	172.4726368730898	0
482.5	168.6293643254579	0.007583568090910863	173.4229260262387	0
483	168.84096035534338	0.020253191614458894	174.37321517938872	0
483.5	169.05255638522866	0.03861560311012973	175.3235043325374	0.04687128826879375
484	169.26415241511387	0.07578075304427397	176.27379348568704	0.2802618183599807
484.5	169.47602945359492	0.1315051043214205	177.22390242835377	0.5195811656255837
485	169.79670378909938	0.1826772670004843	178.10423979241773	0.696688119966546
485.5	170.11737812460382	0.21750370662620863	178.9845771564811	0.7905644914813876
486	170.43805246010803	0.23238695190874548	179.8649145205453	0.7900694900690459
486.5	170.6447612437748	0.22129630305835307	180.3310226957509	0.6952618600838606
487	170.30422681423562	0.18951964156781365	178.80807269802423	0.5173929088421113
487.5	169.96369238469597	0.14236323612969692	177.2851227002976	0.2775712563224717
488	169.62315795515622	0.08596400827819725	175.7621727025712	0.04429310776356252
488.5	169.30211984199198	0.04342475688054425	174.54519887498188	0
489	169.018568424592	0.022894235189839574	173.91654313680195	0
489.5	168.7350170071914	0.010615337599361754	173.2878873986224	0
490	168.52132473852197	0.0031217871928862603	172.8104364275918	0
490.5	168.37250427505998	0.0017679830455029145	172.47339550133205	0
491	168.2236838115989	0.0015070937663844387	172.1363545750738	0
491.5	168.21796256337817	0.006389927253192477	172.16868560722997	0
492	168.27507745302776	0.017869554601534745	172.36321115083229	0
492.5	168.33219234267713	0.0356435382010331	172.55773669443533	0.025999117795520582
493	168.5740535181323	0.06813376364370768	173.4935382844685	0.2412636521767384
493.5	169.06090933689165	0.12306749077605383	175.41235644662441	0.4874669779849892
494	169.54776515565146	0.1759944511123754	177.33117460877952	0.6753175181187411
494.5	169.98349305169071	0.21352956687511185	178.97388840368475	0.7824736342667838
495	170.16034857040455	0.2316873399758172	179.2186225792694	0.7962185609769572
495.5	170.33720408911915	0.22449463829869162	179.46335675485446	0.7149211173571831
496	170.38945236715253	0.19543693837794648	179.2822260954284	0.5482292876712853
496.5	170.0160513648185	0.1499801560670457	177.64637210237998	0.3159252456029728
497	169.64265036248378	0.09455000822580886	176.010518109331	0.06625297382965048
497.5	169.28960871442084	0.04758715607826052	174.6518388768612	1.0587981995825607E-4
498	168.986905467313	0.025121160789670666	173.97847284474184	0
498.5	168.68420222020436	0.012059525859133344	173.3051068126238	0
499	168.46633188092792	0.003920807577245652	172.82723828107837	0
499.5	168.2954899807834	0.0018025695788393267	172.45774682325666	0
500	168.12464808063922	0.0014928406924661936	172.0882553654351	0
500.5	168.33545115259975	0.005241922054576104	173.03564899371554	0
501	168.5467428742473	0.015578819309545456	173.9847287322097	0
501.5	168.7580345958938	0.032840341216641006	174.9338084707036	0.011028748523448328
502	168.969326317542	0.06088925024953588	175.8828882091973	0.20223263680174122
502.5	169.18061803918891	0.11474529432992833	176.8319679476913	0.4540609972590005
503	169.46988725834132	0.1689811195193665	177.73367565858737	0.652162014049071
503.5	169.79108923929607	0.2091772066534852	178.6159839309041	0.7723165891876318
504	170.11229122025125	0.2304122770798192	179.49829220322167	0.8002653634802418
504.5	170.43349320120555	0.22727447610090637	180.3806004755389	0.7326915126509553
505	170.17347546950464	0.20092640491560843	179.14965795228088	0.5776143718771491
505.5	169.83315384765373	0.1573174028179838	177.62673933796532	0.35343774018683105
506	169.49283222580254	0.10315572478918258	176.1038207236498	0.09452863185681526
506.5	169.15521750129219	0.05225351539987152	174.62359578710604	0.0011531106898968475
507	168.8715845866851	0.027701715604359866	173.99478178648636	0
507.5	168.58795167207734	0.013725631933898965	173.36596778586716	0
508	168.33463610281004	0.004830097993550941	172.80281401411327	0
508.5	168.18567739055413	0.001867642222054375	172.4656726137759	0
509	168.03671867829794	0.001529564979921283	172.12853121343892	0
509.5	167.9705556458873	0.004183242375831551	172.00441014948782	0
510	168.02730958041218	0.013545860018877056	172.19653521930667	0
510.5	168.084063514936	0.03008130744124049	172.3886602891265	0.0030626987467018895
511	168.19991679105507	0.05447753297202251	172.81813659743818	0.16436589469409524
511.5	168.6868357292974	0.10646516055556163	174.7378646089184	0.419450914408274
512	169.17375466753987	0.1615305617999977	176.65759262039882	0.6272823911366965
512.5	169.66067360578177	0.204405567528289	178.57732063187802	0.7601200185666452
513	169.87779598845725	0.22851310785948548	179.03861703086906	0.8021992746906701
513.5	170.055419137974	0.22947402205414535	179.28639354193223	0.7485263985386446
514	170.23304228749123	0.20596137473214127	179.53417005299474	0.6054710253838796
514.5	169.8964446519534	0.1645504000921212	178.02270519779995	0.390010269482392
515	169.52333796630177	0.11170952308604015	176.38633634597343	0.1292830967659955
515.5	169.1502312806497	0.05762705412767071	174.74996749414643	0.003917173348465929
516	168.84702796817473	0.030630452750410615	174.07155164286	0
516.5	168.54416726360574	0.01546971836463646	173.39783087645378	0
517	168.28752211962478	0.005893466492104546	172.83066830042586	0
517.5	168.11655659974505	0.0019636278498265684	172.4610553284757	0
518	167.94559107986512	0.001589453500373247	172.0914423565272	0
518.5	168.04416873966932	0.0033084203777914117	172.65157519054807	0
519	168.2551712400776	0.011696372925803515	173.59949941354677	0
519.5	168.46617374048637	0.027420643482658737	174.54742363654583	4.0183914491426253E-4
520	168.67717624089482	0.04889200603975439	175.49534785954538	0.12849872588729508
520.5	168.88817874130427	0.09814416272620008	176.44327208254478	0.3837275811708078
521	169.14525355039407	0.15386988261185405	177.3646451060583	0.600743958586318
521.5	169.46694925143805	0.19923130015312882	178.24877749105582	0.7459159384970915
522	169.78864495248317	0.22602483279910437	179.13290987605396	0.8020152180762039
522.5	170.11034065352786	0.23111426826720574	180.01704226105215	0.7623842083209572
523	170.04511473425737	0.21068664336091328	179.49398698165484	0.6317261242582007
523.5	169.70498447590876	0.17155478078673267	177.97113749452038	0.42554683031440443
524	169.36485421756052	0.12018747220524394	176.44828800738568	0.16853282753148505
524.5	169.02472395921197	0.0638114877839652	174.92543852025221	0.009591923834727303
525	168.72708670472775	0.033732834031218725	174.07572467160207	0
525.5	168.44338516252046	0.017319760566023672	173.44676774121677	0
526	168.15968362031197	0.007035516305926831	172.81781081083136	0
526.5	168.00137357874806	0.002053434767607964	172.460584710599	0
527	167.8522854931487	0.0016442692448336116	172.12334313672397	0
527.5	167.72579105768236	0.0026180620371718854	171.84404902492412	0
528	167.78219791187178	0.01010976756959355	172.03385421683907	0
528.5	167.83860476606148	0.024804992316811138	172.22365940875522	1.558589743507124E-5
529	167.89501162025138	0.044392428142432896	172.41346460067052	0.09603659261940267
529.5	168.3151548497708	0.08989261700732737	174.0653976406793	0.3469847715756871
530	168.80213669340435	0.14600691793028744	175.98600493394366	0.5726163799908927
530.5	169.28911853703747	0.19363091580251032	177.9066122272081	0.7297416348001764
531	169.59723830336947	0.22327720308270668	178.8593994965829	0.7997136767868884
531.5	169.77561931557594	0.2321284417001672	179.11017230872972	0.7742285651388668
532	169.95400032778292	0.21500243268498503	179.36094512087786	0.6563107486603569
532.5	169.7791039651668	0.17838782406387685	178.40186134102987	0.459954138932763
533	169.40628978144954	0.1284800263278665	176.76497536495032	0.20846138111208978
533.5	169.0334755977315	0.0710682376525181	175.12808938887252	0.018787568737482704
534	168.7096760575297	0.03703139257451835	174.16735000428815	0
534.5	168.40665655680812	0.01923260289958274	173.493266848493	0
535	168.1112195273611	0.008321964703180017	172.83667561090397	0
535.5	167.94012782972408	0.0022023529023014994	172.46693522905787	0
536	167.76903613208816	0.0016938683215447187	172.0971948472115	0
536.5	167.75550089944085	0.001977774950923969	172.27072746123642	0
537	167.96619787260715	0.00859281112580811	173.21743877175018	0
537.5	168.17689484577394	0.02218362882827494	174.1641500822632	0
538	168.38759181894062	0.040942318555757556	175.11086139277745	0.06637801523519882
538.5	168.59828879210778	0.08175883146586632	176.0575727032909	0.309318935785408
539	168.82271077031416	0.13784799903832473	176.9968121723534	0.5429734904640828
539.5	169.1449110700153	0.18754240570295	177.88282148860105	0.7116395651495939
540	169.46711136971572	0.22014894936657908	178.76883080484842	0.7953006923866128
540.5	169.7893116694171	0.23251388013984015	179.65484012109593	0.7840283774631592
541	169.9190246789053	0.21878685030767425	179.84060291025	0.6791603637590233
541.5	169.57909011166709	0.18481298910242178	178.31784206547044	0.4931418758834138
542	169.23915554442934	0.13648461734985154	176.7950812206889	0.24804868109173775
542.5	168.89922097719202	0.0793676300959999	175.2723203759085	0.031385731714294846
543	168.58502908242014	0.04050838776896357	174.1591496555525	0
543.5	168.30126153805358	0.021288444939048048	173.53005895776292	0
544	168.0174939936871	0.009637959470848279	172.90096825997267	0
544.5	167.8195503110831	0.0026564264449627493	172.45797261133737	0
545	167.6703349673426	0.0017381205325423567	172.12063641952503	0
545.5	167.52111962360297	0.0015481623010826981	171.78330022771408	0
546	167.53968710219652	0.0072834801812443764	171.8749256256225	0
546.5	167.59574269003954	0.019658588547112964	172.06239491694	0
547	167.65179827788364	0.03786442714054146	172.2498642082564	0.04125279724277954
547.5	167.9458444709516	0.07390039770821645	173.39486319138103	0.270828946913323
548	168.43288516145373	0.1294457899283046	175.3163548493849	0.511893102822721
548.5	168.9199258519557	0.18109305360706016	177.23784650738835	0.69165724761967
549	169.31865852504967	0.21658170915334007	178.68094876889435	0.7887878489939171
549.5	169.49803835567528	0.2322695718073064	178.93575491630818	0.7917579207098301
550	169.67741818630134	0.22207999707807471	179.19056106372082	0.7002149891359741
550.5	169.6637660516438	0.19100186265260316	178.7830684727918	0.5250229230973538
551	169.29141264231822	0.14423292287696965	177.144860537353	0.2869726628871806
551.5	168.91905923299294	0.08806374486630814	175.50665260191494	0.04915849576060144
552	168.57515397765897	0.044403974961542	174.2659258424182	0
552.5	168.2717325460709	0.023426577298736043	173.59084414632315	0
553	167.96831111448225	0.010944054431792602	172.91576245022867	0
553.5	167.76639019235336	0.0033088290806921883	172.47518903417674	0
554	167.5949161615793	0.0017769097154266434	172.1049605667591	0
554.5	167.47134036418748	0.0015040818079325086	171.89975911653355	0
555	167.68061350435624	0.006100348872395672	172.84134458227086	0
555.5	167.8898866445247	0.017301829458735762	173.78293004801006	0
556	168.099159784693	0.03493542559591563	174.72451551374814	0.02170302158973209
556.5	168.3084329248614	0.06630328406174431	175.6661009794874	0.23171352882015536
557	168.51770606503084	0.12101516673348076	176.60768644522562	0.47945680332728763
557.5	168.82296027255987	0.1743248873777323	177.5079976988725	0.6698471359501569
558	169.14664609842146	0.21249259969187026	178.40038290475547	0.7801922428736435
558.5	169.47033192428285	0.23143483896226236	179.2927681106405	0.7973969047674414
559	169.79290785979805	0.2252255647793385	180.18111244033045	0.7194193562349538
559.5	169.45355591054172	0.196811396698284	178.6595172291089	0.5555135925763491
560	169.11420396128494	0.15179161240785471	177.1379220178865	0.3251311507419671
560.5	168.77485201202913	0.09663733434769992	175.61632680666355	0.07255539197838978
561	168.44464353084797	0.048646814386351864	174.24154094793593	2.1066346031091751E-4
561.5	168.16089336983075	0.025732547794829943	173.61269917138497	0
562	167.8771432088134	0.012461479784031504	172.9838573948332	0
562.5	167.63976355459815	0.004119110944235534	172.45561030959993	0
563	167.49045414336226	0.0018101340482893186	172.11841998689837	0
563.5	167.34114473212577	0.0014886281852657067	171.78122966419633	0
564	167.29955498500925	0.004973200890214911	171.71849728377612	0
564.5	167.35527647798773	0.015072132693179266	171.90370331771396	0
565	167.41099797096538	0.032177288951279095	172.08890935165138	0.008482488200097383
565.5	167.57874953901853	0.05927444564602707	172.72525365737363	0.19292879186764955
566	168.0658575491505	0.11275390662593705	174.64762685549067	0.44574973751759794
566.5	168.5529655592831	0.16720724052704725	176.57000005360683	0.6462664818547449
567	169.04007356941543	0.20805416849128805	178.49237325172447	0.769536437559043
567.5	169.22228067795444	0.23000759569725682	178.76115206786852	0.8009305272587454
568	169.4026512804029	0.22786119861647663	179.01997080801007	0.73672305344217
568.5	169.55049326865333	0.20219518942482556	179.16696129787218	0.5845338460747088
569	169.17862277139437	0.15909099130288928	177.5272621504205	0.36242397832706236
569.5	168.80675227413374	0.10525191126406205	175.8875630029699	0.10257460020169765
570	168.44329811125547	0.05347569957769566	174.3671327152942	0.0016698100916351056
570.5	168.13941473521723	0.02836672576026893	173.69088702162875	0
571	167.83553135917847	0.014141317101365786	173.0146413279625	0
571.5	167.59527726874728	0.00508353832851208	172.485670307817	0
572	167.42335169190065	0.0018915454393710887	172.114850670863	0
572.5	167.25142611505402	0.001544591092424013	171.74403103391057	0
573	167.3984528918976	0.003955111953992973	172.47110680960873	0
573.5	167.6059635797828	0.013062940962774394	173.40637985271158	0
574	167.8134742676682	0.029417237339043313	174.34165289581583	0.0019086022017914745
574.5	168.02098495555347	0.05303306038062334	175.27692593891885	0.15538848953995832
575	168.2284956434394	0.10443451320090645	176.21219898202267	0.4108603867049718
575.5	168.50176101968788	0.15969101578010095	177.1279036717393	0.620977184734734
576	168.82723900500082	0.2031842383200886	178.0280700810556	0.756848404622391
576.5	169.15271699031297	0.22795730839970593	178.92823649037206	0.8023495123970897
577	169.47819497562537	0.22993041872153386	179.82840289968792	0.7520806584171943
577.5	169.32933919224135	0.20715144539063834	178.99989988886864	0.6120075052000361
578	168.9907044363965	0.16626822323822985	177.47976341670125	0.39875325167856834
578.5	168.65206968055196	0.11378706329118403	175.9596269445337	0.13856558561693225
579	168.313434924707	0.05902218188548759	174.43949047236597	0.0049328111872462424
579.5	168.02263623525567	0.031378169637162695	173.6960510679913	0
580	167.73891754271182	0.015918821278257604	173.06756703627667	0
580.5	167.46222681942194	0.006167306586777203	172.4543356656754	0
581	167.31283035342906	0.0019860507199910803	172.1173684758451	0
581.5	167.1634338874358	0.0016032596622374154	171.78040128601447	0
582	167.06187033790334	0.003138720829612301	171.56487501509383	0
582.5	167.1172666487555	0.011303231200247116	171.74784733234316	0
583	167.17266295960724	0.02679114435721764	171.93081964959268	2.7555392186233175E-4
583.5	167.2280592704588	0.04767484122082568	172.11379196684211	0.12033440227601576
584	167.70107479354377	0.09613898835051916	173.9799798906936	0.3748803357079915
584.5	168.1882472310327	0.1519779601235824	175.90322730455625	0.5940456291928473
585	168.67541966852164	0.19791535331912247	177.82647471841872	0.7421614502493306
585.5	168.94823278424693	0.22538167105596585	178.58589200396315	0.8016501353353793
586	169.12955222215012	0.23141871071813816	178.84855879635455	0.7654518573268714
586.5	169.31087166005355	0.21177952740666653	179.11122558874783	0.6378624513823935
587	169.0678581115371	0.17324444432490219	177.91237829752475	0.43402360616985936
587.5	168.6964499272018	0.12223377540557577	176.27130620993736	0.17825360970640802
588	168.3250417428661	0.06549917521230164	174.6302341223486	0.011560514372005504
588.5	168.0096198350573	0.03451839451840724	173.7934218766072	0
589	167.7052966673639	0.017771469600959728	173.1160463986598	0
589.5	167.42667041670114	0.00732309160199968	172.49825324467787	0
590	167.2543144621078	0.0020743184304105747	172.1268644045272	0
590.5	167.08195850751474	0.001656819214776388	171.7554755643764	0
591	167.119449705192	0.002458884282044916	172.10577972107575	0
591.5	167.3252738176538	0.009730639044585217	173.03500374600296	0
592	167.5310979301153	0.024158026732019913	173.9642277709301	0
592.5	167.73692204257765	0.0434762995658547	174.89345179585717	0.0884655423063612
593	167.94274615503954	0.08790410575993468	175.8226758207845	0.33790403244190825
593.5	168.18196669851608	0.14404003796773002	176.74592116279106	0.5655425107728834
594	168.50913678476533	0.19219012210925088	177.65342163586465	0.7255141278099256
594.5	168.83630687101476	0.22255411682648366	178.56092210893763	0.798834231943877
595	169.16347695726378	0.23228013077083265	179.46842258201082	0.7768015506695436
595.5	169.2071494338955	0.21597701124608548	179.34182400057443	0.6620308151858794
596	168.86918370175195	0.17998901777977422	177.8231441547154	0.468142456844605
596.5	168.53121796960838	0.13044704675342764	176.3044643088572	0.21814620076053112
597	168.19325223746552	0.0730197910583065	174.78578446299892	0.02150279793065202
597.5	167.88662718605474	0.037852532661827275	173.7811669611559	0
598	167.60295607243162	0.01973588575115202	173.15304910092107	0
598.5	167.31928495880834	0.008644537138627078	172.52493124068653	0
599	167.13751721516104	0.002275654813866964	172.1180558077316	0
599.5	166.988049442603	0.001705129155796883	171.78130684857854	0
600	166.83858167004522	0.0018270897297377661	171.44455788942534	0
600.5	166.88169037040717	0.008266873184471547	171.59507325436732	0
601	166.93678484786997	0.02155442242288722	171.7759154888881	0
601.5	166.99187932533277	0.04019907564520801	171.95675772340869	0.05974696556180036
602	167.33849682690365	0.07982986474585231	173.31361069676134	0.30002853999180734
602.5	167.82573328677591	0.13581844500276744	175.23772385669108	0.5355426503835672
603	168.31296974664806	0.18598842608368132	177.16183701661916	0.7069501366557585
603.5	168.6758499845703	0.2193355658342755	178.4100245895551	0.7939091939909921
604	168.85813670641895	0.23251241764524003	178.67661448732483	0.7860999454114364
604.5	169.040423428268	0.21961810550481478	178.94320438509453	0.6844491544665234
605	168.95903845473424	0.1863474372591665	178.29992190874427	0.5010202414531075
605.5	168.58810851426503	0.13838415520972322	176.6574841529555	0.2575816555067311
606	168.2171785737952	0.08148493183279595	175.01504639716623	0.035213415283666664
606.5	167.88233358138245	0.041432108255404464	173.89835703713115	0
607	167.57756130151716	0.021798048480991417	173.21981935057315	0
607.5	167.27278902165236	0.00995384195911263	172.54128166401523	0
608	167.08777168842553	0.002799162786881675	172.140916426047	0
608.5	166.91497831054164	0.001748062671325913	171.76894556913768	0
609	166.8436953982522	0.00151780387425175	171.74575263427488	0
609.5	167.04781561868788	0.00699753011100723	172.6688122044376	0
610	167.25193583912312	0.019076202121990755	173.5918717745993	0
610.5	167.456056059558	0.03713427158450819	174.51493134476166	0.036021337514681416
611	167.66017627999386	0.07202784771719926	175.43799091492374	0.261353281821577
611.5	167.8642965004289	0.12737679416345526	176.36105048508617	0.5041247978930066
612	168.19230004658925	0.1794797782460633	177.27596222404625	0.6865182074086994
612.5	168.5211515395405	0.21562945505267575	178.19081819337507	0.7868879497398671
613	168.85000303249222	0.23211496158650202	179.10567416270416	0.7933226331936709
613.5	169.08679085197795	0.2228692905769298	179.68442124270967	0.7050586209084926
614	168.7494882661296	0.19245885872216764	178.1672614221234	0.532570655553643
614.5	168.4121856802803	0.14608536268232925	176.65010160153736	0.2963287679364381
615	168.0748830944318	0.09014893498747316	175.13294178095154	0.05431854906975886
615.5	167.752786399571	0.04541998914892599	173.86767444656942	1.30775623404123E-5
616	167.46917660338443	0.023959292577127714	173.2399600579812	0
616.5	167.18556680719814	0.011283425031770895	172.61224566939478	0
617	166.96444877245003	0.0035025282141303207	172.12024786147163	0
617.5	166.8149268140662	0.0017855070605496412	171.78373894439432	0
618	166.66540485568206	0.001500776975806626	171.44723002731672	0
618.5	166.64849359238576	0.0058096964638316255	171.44522041538494	0
619	166.70333389165833	0.016732955725805364	171.6241980745529	0
619.5	166.7581741909316	0.03424506182648138	171.8031757337219	0.01793945351298495
620	166.97804973893065	0.06452621147962481	172.64842338712936	0.2221762754452559
620.5	167.46535719756025	0.1189935057691748	174.57333044015485	0.4713714254095542
621	167.9526646561897	0.17263642179650787	176.49823749317937	0.6642719740428191
621.5	168.40519867065535	0.21146108219300866	178.23395066490207	0.7777889300115435
622	168.58834732157285	0.2311452448240816	178.5040033672293	0.7984506544043384
622.5	168.77149597249007	0.225920368031783	178.77405606955548	0.7238051145012068
623	168.8522599260575	0.1981542270055872	178.69021406985138	0.5627108790626006
623.5	168.48176532769827	0.15358778950792557	177.04658808966693	0.3342858265765445
624	168.11127072934025	0.09873985207589085	175.40296210948122	0.07917327259440918
624.5	167.75746673766696	0.04976055474124463	174.00567762156987	3.898811417813845E-4
625	167.452289379848	0.026364817804948173	173.3260876892303	0
625.5	167.14711202202886	0.012864756309207569	172.64649775689003	0
626	166.92365371905356	0.0043166247250137285	172.1570209936763	0
626.5	166.7504785306559	0.0018173640316535191	171.78452407419982	0
627	166.5773033422576	0.0014968907790649183	171.4120271547229	0
627.5	166.77336791535694	0.004703585331510683	172.30713787134664	0
628	166.97596501272864	0.014571505417864223	173.2246748771016	0
628.5	167.1785621100998	0.03150897943374847	174.14221188285617	0.006450936298077401
629	167.3811592074707	0.05767238102804758	175.05974888861024	0.18368148281846264
629.5	167.5837563048425	0.11074422281949524	175.97728589436548	0.43736851079212835
630	167.87704141863784	0.1654064675429791	176.8976502868793	0.640269833094583
630.5	168.20742209849138	0.20690491767223174	177.81917121050216	0.7666360198039502
631	168.53780277834454	0.22956604290736599	178.74069213412537	0.8014705479476589
631.5	168.8681834581982	0.22841138176993195	179.66221305774835	0.740639425552446
632	168.63188508150324	0.20343287242695232	178.51316544985113	0.5913617936575859
632.5	168.29519727953956	0.16086003982151226	176.99730847700903	0.37135319385131943
633	167.95850947757492	0.10734248545341707	175.48145150416772	0.11088353279672328
633.5	167.62182167561062	0.054752935428395634	173.96559453132554	0.0022367235455803616
634	167.33768034427624	0.02907347352755841	173.3287137183841	0
634.5	167.05410663938233	0.014567054488157578	172.70132793152356	0
635	166.7936883973472	0.005339816184845277	172.1242463001499	0
