#	Model:	Juling_22_11_17_MODEL_C2.mph
#	Version:	COMSOL	5.3.0.260
#	Date:	Nov	23	2017,
#	Table:	Probe	Table	1
#	Time	(h)	<T>_icypatch	(K)
0	181.4415387433912	0.012490960025505014	181.6405214497115	0
0.5	179.1916559984677	0.005855379177639763	179.33401469509343	0
1	178.33045026821145	0.006456458911824571	178.4470575476109	0
1.5	177.8633507427387	0.014795704316837847	177.85185643296776	0
2	177.5209201276765	0.030349136464026788	177.3449602431318	0
2.5	177.47015515050992	0.0527849234869063	177.95463573262316	0.03981979357889977
3	177.75622471668916	0.10161087428334252	179.85380118202738	0.2727716023130559
3.5	178.1058093814857	0.1649915324762097	181.8443683184959	0.5190546904899529
4	178.71577168730735	0.22231584211241798	184.20963306516052	0.707223733769706
4.5	179.32573399312898	0.2646578002254618	186.57489781182537	0.8149477474660212
5	179.62194061458476	0.28579903521599015	187.2794505173863	0.8294425708143379
5.5	179.8938522917619	0.27898908188768934	187.855409834805	0.7489880288455066
6	179.74875537829536	0.24713000395563572	186.76950638434232	0.5831320743647934
6.5	179.388994052882	0.1985852336557485	184.8281222512068	0.351557683461606
7	178.90947904344557	0.139840469867837	182.97287314448377	0.09251519632767555
7.5	178.24437812441843	0.07994667495293602	181.25111009586882	0.0011415032732133709
8	177.63856370573072	0.045727448348248725	179.82965434744204	0
8.5	177.1423566741584	0.026387138256610352	178.9633991643576	0
9	176.69683957501672	0.013925990089511238	178.1967941493941	0
9.5	176.36422346798773	0.006333440879915391	177.6521385888014	0
10	176.14618703483373	0.005716245470397294	177.34142096928582	0
10.5	176.24001290824202	0.01307740447263945	177.66743431110862	0
11	176.3338387816507	0.027544916484880538	177.9934476529315	0
11.5	176.4276646550582	0.04874749538503237	178.31946099475357	0.020178803053330023
12	176.63386004418584	0.09271112749622372	179.02193534704963	0.23319304056232168
12.5	177.33069777496252	0.15550630093046175	181.36816254937835	0.48562548689200374
13	178.02753550573976	0.2145988010925912	183.71438975170608	0.6840040945547259
13.5	178.7243732365165	0.2594648148959025	186.0606169540335	0.8046932662146178
14	179.12950163804268	0.2843844677783769	187.1051551048662	0.8333701993683307
14.5	179.25686226363794	0.28178291279666823	186.91021533527515	0.7666316553962506
15	179.38422288923434	0.25306310947534705	186.71527556568364	0.6123978393302493
15.5	179.0854898239772	0.20657750426739227	185.2666479998926	0.3889724685334356
16	178.5221346568356	0.14897883317824875	183.03942758736028	0.12602278574809775
16.5	177.95933768628538	0.08747837713450923	180.8261690083867	0.004063906237425457
17	177.44641146116885	0.04959468230001995	179.8602972056877	0
17.5	176.9334852360535	0.028810823379107158	178.89442540298933	0
18	176.53833804638288	0.015466591319588397	178.20408872545215	0
18.5	176.20230167568522	0.007038431433775558	177.65203732799395	0
19	175.94138408841562	0.005195299114987225	177.16463334248422	0
19.5	175.83965731683674	0.01157919568147347	176.81422936909374	0
20	175.7379305452578	0.02493561068105809	176.46382539570317	0
20.5	176.03480792940056	0.04495572882186227	177.60794663669867	0.007199438540862451
21	176.34175507227286	0.08408209263694547	178.7898234005805	0.19383124549718778
21.5	176.89218527352315	0.1459334102362763	180.74939903632833	0.45099859462632186
22	177.633299554445	0.20652566620683074	183.31803057367165	0.6590660212759103
22.5	178.33384791661538	0.25392348882173466	185.662772156837	0.7924035408801853
23	178.79758816963363	0.2823492415088869	186.7005309737184	0.8351873066655531
23.5	179.2613284226513	0.2839629139759344	187.7382897905994	0.7823399498899346
24	179.21410622687205	0.25854996595930485	186.82167287072298	0.6401331372116679
24.5	178.97951924767824	0.21437331494230852	185.18840605320912	0.4254432798663911
25	178.62048458499618	0.1579885612110346	183.5007234678029	0.16418626211164788
25.5	177.9934912734869	0.09563223398413229	181.6958737706355	0.009816488794081455
26	177.38903226261934	0.05391297756932546	180.02719149533476	0
26.5	176.91848333602292	0.031301679536576345	179.16768414080835	0
27	176.4479344094269	0.01704863353699063	178.3081767862817	0
27.5	176.13901415789837	0.007962049152143161	177.77391521978842	0
28	175.8349312743429	0.0050577864641944935	177.2493879009926	0
28.5	175.92082541155204	0.010174715713507618	177.69207837779112	0
29	176.10553274569253	0.02235360182423756	178.37984453193624	0
29.5	176.2902400798336	0.041527949501360836	179.06761068608105	0.0012870327758552947
30	176.47494741397512	0.07590856828858232	179.7553768402264	0.15561469009079387
30.5	176.8808002715715	0.13646393157244419	181.08794789821542	0.41526490955582734
31	177.5551551464046	0.19824767150348552	183.2034035233515	0.6324749765705835
31.5	178.22951002123878	0.24792320383962219	185.31885914848786	0.778110832087804
32	178.9038648960726	0.27969869889239346	187.43431477362398	0.8348891227851426
32.5	178.97647332080047	0.28552336290535574	187.049167534617	0.7960716779307029
33	178.92487553009073	0.263537622492304	186.14787197763675	0.6662651626352715
33.5	178.87327773938154	0.2219663967574333	185.24657642065642	0.46087438129557406
34	178.490615606507	0.16685322655445758	183.77479092639035	0.20430650222835423
34.5	177.88403028277	0.1046191028701807	181.9171410823826	0.019001141230980647
35	177.28123499290356	0.05843619901546799	180.08421000251806	0
35.5	176.83666077493075	0.033790157774920365	179.28320356795896	0
36	176.39208655695757	0.018803705425126164	178.4821971333994	0
36.5	176.04102700474834	0.008967130397111016	177.8367717373064	0
37	175.80414241538884	0.005082149785925481	177.38130006816962	0
37.5	175.56725782602965	0.00893483313232261	176.92582839903375	0
38	175.5866646832805	0.020089274749242984	176.83953433561095	0
38.5	175.64197347401827	0.03832318599444176	176.80495557529332	1.4215990489605172E-4
39	175.8804988173719	0.06812909680120634	177.55043887625123	0.11977623983535915
39.5	176.5384986238329	0.1270455729217182	180.08187497280665	0.3785182328832102
40	177.1964984302924	0.18977798192254378	182.61331106936174	0.6043007621390009
40.5	177.85421314051487	0.24171498469034391	184.6941614807247	0.7618526583098069
41	178.51182286662745	0.27643979762398313	186.60908779210354	0.8324764304621166
41.5	178.91335747297015	0.2864601633942883	187.49087853528047	0.8077907936250937
42	178.99837536703362	0.26831591582628184	187.09568198786525	0.6907253188300164
42.5	178.98240793922477	0.22916772351014564	186.3780929239722	0.49517276590272913
43	178.4500681192232	0.1755595995024853	184.0120009700302	0.244340358458082
43.5	177.91772829922115	0.11406456388640464	181.64590901608767	0.031405116703100894
44	177.38358878704636	0.06335300689771078	179.9643917467206	0
44.5	176.8479883229227	0.03652972814125115	178.83859769262702	0
45	176.4058512037485	0.02063137544327537	178.20123449258793	0
45.5	176.02760712956737	0.010056840491377235	177.66084437458815	0
46	175.71641247958433	0.005244183275078498	177.17748640418083	0
46.5	175.55262804781896	0.007868099861676496	176.81951536173185	0
47	175.39914341259777	0.01802849885657753	176.49132254870688	0
47.5	175.5905344612622	0.035354106678935245	177.1602161531409	0
48	175.78192550992685	0.061627754369753145	177.8291097575739	0.08741606009183064
48.5	176.25085982427635	0.11770076170250694	179.5145443398085	0.34085502492203557
49	176.97417378258902	0.18107063290792366	182.1316798998017	0.5746173355143133
49.5	177.69511230028525	0.23504972022665543	184.7319084003896	0.7436716973794543
50	178.255140774249	0.27262705797460546	186.1868690929977	0.8279555630326918
50.5	178.81516924821284	0.286770856334126	187.64182978560632	0.8174665342027709
51	178.8957201167613	0.27264809092252856	187.2386510691419	0.7134493976946492
51.5	178.8232296377097	0.23597531739374789	186.2423848841934	0.5282484001601053
52	178.48184897528427	0.18407464627589065	184.6414109582218	0.2838422930863473
52.5	177.87323102645954	0.12351162144654451	182.43944649496945	0.04859467348465541
53	177.28866890670812	0.06882401517401456	180.53862509581003	3.007513774386889E-6
53.5	176.77822263464677	0.03966889877666118	179.56562345302643	0
54	176.26777636258512	0.0226188818781738	178.59262181024187	0
54.5	175.92713095567223	0.011420502104390306	178.0160867917376	0
55	175.58845485008524	0.005574639308682933	177.44414987847765	0
55.5	175.41553522483022	0.007056558139343141	177.02144367869403	0
56	175.30329246143495	0.016175426108954474	176.65336491409974	0
56.5	175.37678053821645	0.0324913388040484	176.95693225561646	0
57	175.65511509578377	0.056276542702636004	178.00127232522416	0.05831369085662611
57.5	175.96980942677843	0.10847504707328888	179.16749214014482	0.30237415188766137
58	176.70821882495886	0.17203929664622136	181.75402565902348	0.543502615923497
58.5	177.44662822313896	0.22790866950159608	184.34055917790377	0.7236156744613585
59	178.02162750579973	0.26828829813097027	185.9656158281026	0.8213383878092115
59.5	178.52061912998315	0.28645462615347095	187.1434565563473	0.8250735007690851
60	178.82239576630653	0.2764712276553015	187.56596647145372	0.734377748344487
60.5	178.6319025980753	0.2424423745122184	186.1030895009394	0.5600144602691806
61	178.44140942984288	0.19239394656350772	184.6402125304269	0.3226762215082303
61.5	177.863018945806	0.13289756212573747	182.75689455661754	0.07127588516619396
62	177.23645754402895	0.07486945410271117	180.8213642365033	2.1480320845923055E-4
62.5	176.7136269601179	0.04302932181394582	179.64206507908938	0
63	176.22864192633583	0.02472484805538184	178.73867220455395	0
63.5	175.83761953390348	0.012839051826929982	178.0397911383976	0
64	175.515810666385	0.005954751932525855	177.49155487043924	0
64.5	175.38428580093776	0.006267778673306203	177.3712331242644	0
65	175.51662989274993	0.01435687971285014	177.84430523900286	0
65.5	175.64897398456307	0.029666879594465328	178.31737735374	0
66	175.78131807637487	0.051749209755635	178.79044946847785	0.03448706377171795
66.5	175.97119922698377	0.09942788507205502	179.4422423979269	0.2631766263726605
67	176.65001310154554	0.16269545769784477	181.6127513790984	0.5110382797487332
67.5	177.32882697610654	0.22047012827042783	183.78326036027113	0.7017372367724677
68	178.00764085066817	0.26343130106006607	185.95376934144267	0.8126422749283716
68.5	178.51870048597436	0.28551230295901975	187.41986247992472	0.8305917249773148
69	178.49167823235186	0.2797247895935439	186.6264991128108	0.7534554336954539
69.5	178.46465597872967	0.2486197111884872	185.8331357456959	0.5903875600738078
70	178.36546661950595	0.2005312661125474	184.9009614087696	0.36074020435800846
70.5	177.75890653522112	0.14205093666109883	182.99287676181956	0.10014478484526353
71	177.15234645093707	0.08170175213563818	181.08479211487014	0.001682118292535609
71.5	176.62455909859952	0.0466409176563875	179.7211514635219	0
72	176.17702211235948	0.026960301872236875	178.91216759360205	0
72.5	175.7294851261187	0.014281024766993788	178.10318372368275	0
73	175.46655557111902	0.006481539323648508	177.60089024643787	0
73.5	175.2321461545784	0.005546572791707409	177.14597759456916	0
74	175.06968125541692	0.012702804466943458	176.81082426668044	0
74.5	175.13882042638656	0.026889436875389375	176.86120062027186	0
75	175.20795959735614	0.047792709017537474	176.9115769738624	0.0162955819678308
75.5	175.64774645656817	0.09058891779962443	178.49161446733555	0.22356157617481645
76	176.3266637102213	0.1531757737371937	181.05854189252423	0.4773095461262997
76.5	177.00558096387508	0.21266849311013925	183.6254693177138	0.6780938153827725
77	177.63615589107914	0.25816408660074835	185.41597639288975	0.801890051754477
77.5	178.26567715479365	0.2839463603565285	187.1895607041919	0.8340067214457747
78	178.4884768274851	0.2823699243915783	187.3482656883692	0.7706323746743364
78.5	178.51427933025164	0.25444818295038474	186.72479764747465	0.619287969949536
79	178.31963823507408	0.20851377675916874	185.47780467358376	0.3979343233830961
79.5	177.74757662932117	0.15119246900310235	183.1632774153591	0.1348365802735587
80	177.17819660072604	0.08939146363562725	180.9312867801299	0.005095840892756457
80.5	176.6482033532413	0.05062310465812494	179.91158716293063	0
81	176.11821010575736	0.029415229465054385	178.89188754573223	0
81.5	175.722726407551	0.015850098455642635	178.20197037722747	0
82	175.37000675843188	0.007238247809319639	177.61689954045062	0
82.5	175.1194765866193	0.005144598438032185	177.12821233086356	0
83	174.99194664193686	0.0112232400795816	176.75553714471118	0
83.5	174.92140240665768	0.024303898447994226	176.57782662788105	0
84	175.17679562671273	0.04409060254813173	177.51524284836208	0.005212676818552948
84.5	175.43218884676855	0.08203595510621578	178.45265906884143	0.18444021332462515
85	176.0300971173952	0.14363608324445812	180.56940323376597	0.44240495324566825
85.5	176.76603435837401	0.20452631099866683	183.1614007389678	0.6527474744582749
86	177.43691976001762	0.25250332123686053	185.36487778681578	0.7891099429574162
86.5	177.93776904802056	0.281760908957567	186.5528184668469	0.8353095257820417
87	178.438618336022	0.28439968854987724	187.74075914687828	0.7858634816767768
87.5	178.3518813301269	0.25980103571671204	186.6758406273831	0.6466398260944787
88	178.15377260235786	0.21623158456511307	185.18391281444698	0.4341609437302597
88.5	177.78258104374504	0.1601484542536575	183.5332826085782	0.17395726833057368
89	177.15669318789014	0.09774507456032867	181.64911732793095	0.01179828159136808
89.5	176.562418487694	0.05498195023189345	179.97798048107083	0
90	176.08553629792047	0.031906606538491276	179.09790489060612	0
90.5	175.6119430642934	0.017471015915023022	178.22468003622066	0
91	175.3018979031229	0.008203190902093085	177.69211788160908	0
91.5	174.99185274195244	0.005038485626810588	177.1595557269972	0
92	175.0847593248678	0.009853056267434416	177.61169677159543	0
92.5	175.26180240879623	0.021775638043807066	178.2694442763539	0
93	175.43884549272457	0.04071450452400305	178.9271917811125	7.219770862587621E-4
93.5	175.6158885766526	0.0739666827028755	179.58493928587066	0.1466072227903313
94	176.0128306641804	0.13415895706722522	180.88688867184362	0.4064161259360281
94.5	176.68696437395997	0.19621359290802431	183.00088068461312	0.6257647483420589
95	177.3610980837403	0.2464286736972649	185.11487269738294	0.774335496422715
95.5	178.03523179352047	0.27896168558914936	187.2288647101521	0.8344967181145353
96	178.14183106474218	0.2858087539216549	186.98563248444242	0.7991087729278115
96.5	178.0872537295881	0.2647157195281641	186.07296175877076	0.6723713296724321
97	178.0326763944343	0.223757476682519	185.1602910330989	0.4693249702378549
97.5	177.67435423368926	0.16898733082064882	183.73223606195756	0.21406625647523145
98	177.06736069547833	0.10689589907501097	181.8822436635803	0.02166392279642046
98.5	176.46036715726564	0.059593735676758054	180.03225126520388	0
99	176.01226716943876	0.03442949281061589	179.20648789935245	0
99.5	175.5684278280556	0.019238284226490248	178.40818869283294	0
100	175.20759188755935	0.00921455290346159	177.74691025520562	0
100.5	174.97234376594994	0.005108155235545361	177.29295030481296	0
101	174.73709564434185	0.008667912242388791	176.8389903544197	0
101.5	174.74341190191598	0.01956009183970044	176.7447170833214	0
102	174.8020514013063	0.037577810976997465	176.7283525385106	6.459469522293745E-5
102.5	175.00927932134067	0.06637787780773656	177.3407208377758	0.11159943735443767
103	175.67193747863493	0.12478604237947748	179.88018377275228	0.36943753515046013
103.5	176.33459563592874	0.18768367315217444	182.41964670772916	0.5972164669011563
104	176.99205681260514	0.2401405943052069	184.52790028884974	0.7576054951880261
104.5	177.64695871888628	0.2755560382344978	186.42380338902058	0.8315704320697404
105	178.0793507041068	0.28659342169929636	187.42454932283593	0.8103334794343555
105.5	178.15730840138386	0.2694233689720021	186.99940650821955	0.6964149352852943
106	178.17289692831184	0.23086875648170316	186.37801741654286	0.5033340970613844
106.5	177.63517761684508	0.17763870486286373	184.01563028456383	0.2540048573266854
107	177.09745830537673	0.11634884554138787	181.65324315258513	0.035043075420271776
107.5	176.56188703682582	0.06462862208146813	179.91576231935466	0
108	176.0283375845265	0.037271080057141553	178.76646606137484	0
108.5	175.5795672115307	0.021088562459672507	178.11253906994983	0
109	175.2041156286171	0.010357830952464203	177.57571880152943	0
109.5	174.8820347917505	0.0053214592076418436	177.0838180096009	0
110	174.72161626482358	0.007662287814471776	176.72798026473285	0
110.5	174.56119773789635	0.017564587033092823	176.37214251986424	0
111	174.746051788168	0.03465509164335936	177.03087566482702	0
111.5	174.94386304523232	0.06022520484577588	177.72768308992127	0.07991139421142933
112	175.38671168941713	0.11543474903427162	179.31618152269857	0.3315662499788614
112.5	176.1120752405888	0.17890691663925581	181.9327516512197	0.5671775695975407
113	176.83743879176257	0.23335229608133043	184.54932177973853	0.738963855637393
113.5	177.4026595563832	0.2716256290659313	186.03757538197885	0.8265383491714131
114	177.96209433676825	0.28675163212374893	187.4850627294644	0.8195081362540609
114.5	178.06940905894163	0.27362479099487275	187.18223030580123	0.7187075282803805
115	177.99713946677653	0.23757318156616225	186.18416224668107	0.5360990499770281
115.5	177.67493325633185	0.18610214833846273	184.62240842970422	0.2933537852880397
116	177.06666352464532	0.12581580365231393	182.4154913154247	0.05360734706214528
116.5	176.47932419477513	0.0702569169439731	180.47544729186663	1.835935150670902E-5
117	175.96755931361204	0.04045297371947789	179.4990152850802	0
117.5	175.45579443244748	0.023133427618867337	178.52258327829432	0
118	175.10961120187434	0.011764199749892658	177.93510097204023	0
118.5	174.76899556428293	0.005659214192568349	177.36069688801413	0
119	174.58997158048606	0.006862983541625401	176.9330824813446	0
119.5	174.47439694278427	0.01572917902689832	176.56310538961722	0
120	174.54032308194863	0.03179613906914212	176.84034244120028	0
120.5	174.81204164956776	0.05511991077723232	177.85141530650188	0.05205654501948146
121	175.11592341220918	0.10626189883402899	178.97130528279115	0.29290168284092727
121.5	175.85431316656022	0.16978931527942998	181.56125768056967	0.5357269087714797
122	176.59270292090926	0.2261328668088357	184.1512100783486	0.7184595122203902
122.5	177.17471620245536	0.26714488360460786	185.80991190284746	0.8194136786764886
123	177.67942982398128	0.2862829698914154	187.00828007602476	0.8266086598410554
123.5	177.9982414130472	0.27731819927561924	187.494677964496	0.7391905904267637
124	177.81310805739963	0.2439625491128802	186.05106023661367	0.5675338207272175
124.5	177.6279747017525	0.19439824547171342	184.60744250873088	0.3320097393016031
125	177.0593600030693	0.13514470056099914	182.72741463505474	0.07776516868494886
125.5	176.4333240284538	0.07646328350761632	180.78204009496093	3.9711875379764026E-4
126	175.90676980703685	0.04387860383833686	179.5747853425284	0
126.5	175.42084554262368	0.02523308002003437	178.66899064958145	0
127	175.0247870236701	0.01318819673049567	177.9594844526598	0
127.5	174.70217468975807	0.006061040249664477	177.4104024655027	0
128	174.55707778296255	0.006079981713959888	177.25960411614162	0
128.5	174.68902283543005	0.013917399393142129	177.73039275303753	0
129	174.82096788789752	0.028982068166010094	178.2011813899333	0
129.5	174.95291294036437	0.050774208121460086	178.67197002683002	0.029473199531969346
130	175.12375129450015	0.0972555237923051	179.2634768085085	0.2535464609124335
130.5	175.80325819861673	0.16039479348770128	181.43380361900952	0.5029470426535491
131	176.48276510273357	0.21860237184683767	183.6041304295119	0.6961462889987813
131.5	177.16227200684997	0.2621712378990977	185.77445724001382	0.8102151229007366
132	177.70047558583803	0.285188665244313	187.35171510179686	0.831616411265403
132.5	177.67348457033123	0.28042449091181826	186.5567756803537	0.7578103535261795
133	177.6464935548235	0.25007801951749	185.76183625891008	0.5975558927929837
133.5	177.56913876493968	0.20247004560724863	184.87023724887345	0.3698712471858817
134	176.96252039637227	0.14426162311868412	182.96286052148548	0.10817781004261351
134.5	176.35590202780506	0.0835247010722763	181.05548379409868	0.002319565833425687
135	175.82209533359605	0.04756413870750431	179.65131585293628	0
135.5	175.37442730254514	0.027544592939631088	178.84246085459748	0
136	174.9267592714943	0.014655040679820422	178.03360585626032	0
136.5	174.6558949212774	0.006649968134534254	177.51828611072534	0
137	174.42143182774157	0.0053997793857553334	177.06340092193446	0
137.5	174.2478723786344	0.012334155241961336	176.70983866259266	0
138	174.3172369548299	0.026262739375580865	176.76041927693097	0
138.5	174.38660153102535	0.04684698157761089	176.81099989127003	0.012833614477703028
139	174.80481707981025	0.08848706424506289	178.30018716442487	0.21393024463547938
139.5	175.4844420878273	0.15083365788048375	180.86738601924944	0.4689240186485859
140	176.16406709584365	0.2107118422725749	183.4345848740744	0.6720827583579928
140.5	176.79743421663267	0.25683048438391115	185.25432139138616	0.79896682812497
141	177.42799646876773	0.2834715907407031	187.0287351798393	0.8345182451404578
141.5	177.67309577417413	0.2829205186863778	187.27322548354613	0.7745179405549234
142	177.69989072199647	0.25580098229709025	186.65125387093974	0.6260864580004052
142.5	177.5267795255411	0.21042453682039508	185.46365751008977	0.40683892218666695
143	176.95510377855618	0.15338899099583989	183.14834206703898	0.14405650964270775
143.5	176.3846521212982	0.09132527804676553	180.87139075400876	0.0063299639991996485
144	175.8542931554766	0.0516794797204469	179.85098231764914	0
144.5	175.32393418965466	0.0300196357325784	178.83057388128955	0
145	174.92209427669897	0.016232873257092398	178.12560861281398	0
145.5	174.56894783022108	0.0074533273394472715	177.54015886346977	0
146	174.3105673676889	0.005113591534149613	177.04414509740863	0
146.5	174.18261228896552	0.010866955855860174	176.67122109373278	0
147	174.09921611749508	0.02367034551434198	176.45034413408314	0
147.5	174.35399430242592	0.043254238719206674	177.38340954930402	0.0035659290340707955
148	174.6087724873557	0.08005635171918891	178.3164749645253	0.17508752072341258
148.5	175.1913194889995	0.14132872517766923	180.37859977659787	0.43374714746059717
149	175.92791091313393	0.20252197880543907	182.9713586632884	0.6463320872540864
149.5	176.60736089898637	0.25105157890709495	185.22204305868635	0.7856983212109265
150	177.10990124246916	0.28113625371457823	186.4136663289402	0.8353065441296175
150.5	177.61244158595258	0.2847997305068743	187.60528959919463	0.7892694939664039
151	177.54998233811335	0.26101899979864834	186.63161077407716	0.6530506233927649
151.5	177.35326566781515	0.21809534425079105	185.1434043587893	0.442815723868047
152	176.99698138482754	0.16230258899834832	183.5070823332492	0.18371340184418022
152.5	176.37115675434245	0.09989935474039477	181.62056459201978	0.013964710858448293
153	175.77197220138535	0.05606742268906212	179.9144014842869	0
153.5	175.29469929230314	0.03250912355678442	179.03358619421013	0
154	174.81742638322106	0.017899413417132203	178.15277090413252	0
154.5	174.50476159518925	0.008444773978906766	177.61525360724104	0
155	174.1942978361731	0.005035759282296049	177.0823266600795	0
155.5	174.27077700030665	0.00953664753983312	177.49316163198037	0
156	174.44747619983997	0.02122327249176234	178.14843537579745	0
156.5	174.62417539937366	0.039907769941454466	178.80370911961512	4.589895188672242E-4
157	174.80087459890726	0.07203524417494667	179.45898286343214	0.13775833300963936
157.5	175.18152203113166	0.13185174852157872	180.7117082038112	0.3975087686514947
158	175.85659870412147	0.1941587411534344	182.82694270962213	0.6189618714000331
158.5	176.53167537711153	0.2449380335951857	184.94217721543413	0.7704444320929942
159	177.2067520501013	0.2781887844438889	187.05741172124496	0.8339792389418698
159.5	177.34013652776386	0.2860571934275873	186.92328074039872	0.8020262908175937
160	177.286743994309	0.26588461616368225	186.0135621359318	0.6783776078250906
160.5	177.233351460854	0.22552080307056485	185.10384353146452	0.47770721284432677
161	176.89371482262226	0.17110794328390783	183.70690809850564	0.22382969003433545
161.5	176.2867221672442	0.10920448701252726	181.8549052996886	0.024616881532897865
162	175.67972951186456	0.06076946131962392	180.00290250087218	0
162.5	175.22585079129635	0.035082552642564005	179.14147617572428	0
163	174.78163386756765	0.019680559676334385	178.34255721580072	0
163.5	174.41341166299736	0.009464149343111405	177.66918249167415	0
164	174.17784092930398	0.00513546608025077	177.2149496727157	0
164.5	173.94227019561046	0.00840478369515211	176.76071685375706	0
165	173.93841800987863	0.019048946962819762	176.65042943423052	0
165.5	173.99697656936425	0.036860265600136215	176.6327797809992	1.606056784802815E-5
166	174.1833354398825	0.06474804810283388	177.15565372185756	0.10365430645466407
166.5	174.84644792189394	0.12251313566968522	179.6949278850327	0.36030400824896563
167	175.50956040390486	0.1855775619212737	182.23420204820792	0.5900439578264526
167.5	176.1681366911216	0.23853588390914568	184.365717806713	0.7532452023493652
168	176.8241053368805	0.2746413893285167	186.2628327581506	0.8305398137637112
168.5	177.27759162925327	0.28668960659851667	187.34555500014653	0.8127548444170098
169	177.35667514251966	0.2704964292711166	186.92241320708587	0.7020009277652287
169.5	177.39446788483963	0.23254095809921113	186.36930074282108	0.511421798684169
170	176.85731504979054	0.17972803418742989	184.0064361018954	0.2636344590932469
170.5	176.32016221474132	0.11864429646619574	181.6435714609696	0.03904667179625337
171	175.78464761767964	0.06593588218629706	179.8729894862655	0
171.5	175.2508033122249	0.038025383247289116	178.70627872866078	0
172	174.7962684235909	0.021555958419116443	178.03913892560178	0
172.5	174.42032359695418	0.010694457650047486	177.50189120582408	0
173	174.09063314134815	0.005401989277142821	177.00359592048036	0
173.5	173.9297833430081	0.007467266371147856	176.64748729740373	0
174	173.7689335446676	0.017114457358551872	176.29137867432647	0
174.5	173.94151112681547	0.03396039477178062	176.91215215159355	0
175	174.13877959195233	0.05888405882749806	177.60526546369724	0.0727551096493665
175.5	174.56413487532006	0.11319199856881366	179.12847191802885	0.3222305290399378
176	175.29004985830517	0.17672168532211038	181.74552740501085	0.5596542562825593
176.5	176.01596484129036	0.23162560646370003	184.3625828919936	0.7341457800925779
177	176.58806543781662	0.27058940683046834	185.8923233584024	0.8249972971131277
177.5	177.1489178078397	0.2866953099301462	187.3425500295594	0.821426992227581
178	177.2787034911747	0.2745749853441422	187.12447426419	0.7238585718136447
178.5	177.20769267055394	0.2391660382814476	186.1292813910889	0.5438709803361296
179	176.90440291181244	0.18813437813091494	184.6094270056588	0.30282426766800874
179.5	176.29642489010595	0.128106661589525	182.4013560900046	0.058897928682882614
180	175.7059923654533	0.07170280540963976	180.4185190607051	4.190198032832446E-5
180.5	175.19392487420998	0.04125522332503508	179.44166441959482	0
181	174.68185738296648	0.02364656131761669	178.46480977848464	0
181.5	174.3295117651881	0.012107683980435616	177.86340186237075	0
182	173.9885816031255	0.005745108434790986	177.2888274373129	0
182.5	173.80158665261172	0.006669333631315161	176.85407063995507	0
183	173.6858208971366	0.015282435251063571	176.48401052227916	0
183.5	173.73820273332313	0.031104074669965974	176.71263007687116	0
184	174.00985830797592	0.053999397198830255	177.7219609612054	0.04609785783866228
184.5	174.2975917193332	0.10404804962766627	178.78567510674134	0.28338827420502555
185	175.03669150249428	0.16752138813826992	181.37613540258985	0.5278725399724953
185.5	175.77579128565569	0.22433658471148268	183.96659569843862	0.7131963014553943
186	176.36690360343925	0.2659809803325233	185.67462581928226	0.8173662381396498
186.5	176.8728689249039	0.2860742884511842	186.8749353796653	0.8280199697935099
187	177.2165468835398	0.2781295383638233	187.45399930262604	0.7438931634838245
187.5	177.03237064354835	0.2454590384237239	186.01240608766932	0.5749695784446928
188	176.8481944035561	0.19639474941159113	184.57081287271356	0.3412962422046922
188.5	176.29489014292815	0.13737706551587464	182.70713518165084	0.08457323365257019
189	175.66892411999444	0.07808562550152162	180.76037140619266	6.900109707379747E-4
189.5	175.13740046850833	0.04474436227067217	179.5168412201208	0
190	174.6511692396728	0.02576967708108948	178.61056593844145	0
190.5	174.24922706849884	0.013536905901856437	177.88854384719681	0
191	173.92628067871388	0.00618175021288013	177.33920401336343	0
191.5	173.76544379094318	0.005905757881153393	177.15290484983177	0
192	173.89716033298194	0.0135055301857147	177.621772668727	0
192.5	174.02887687502016	0.028294808561742893	178.09064048762252	0
193	174.1605934170593	0.04981194127537065	178.55950830651744	0.0248286425630983
193.5	174.31273591443943	0.09510040446594323	179.09175608518356	0.24390954975817059
194	174.99311214824695	0.15808493778245528	181.26306712453462	0.49478223615006484
194.5	175.67348838205456	0.21671940014228883	183.43437816388513	0.6904517589830237
195	176.3538646158617	0.2608913515313966	185.60568920323612	0.807666668432763
195.5	176.91798456568398	0.2848281723478706	187.28915537147597	0.8325164704971285
196	176.89203752559212	0.2810880771463366	186.49653040060076	0.7620521118160045
196.5	176.8660904854998	0.2515047023994955	185.70390542972524	0.6046359589466651
197	176.80917768766818	0.20441353306063834	184.85175262665553	0.37894939346936213
197.5	176.20258649404596	0.1464995843817129	182.9429112199563	0.11651215588599921
198	175.59599530042416	0.08538507882028537	181.034069813257	0.003070321869553641
198.5	175.05668016793538	0.048503693189558564	179.59166393700409	0
199	174.60867947307597	0.028137499550997192	178.7823554424183	0
199.5	174.1606787782161	0.015039685833752165	177.97304694783116	0
200	173.88224105547732	0.006827362479949007	177.4453802743953	0
200.5	173.6475016728809	0.005285664745228904	176.990295957504	0
201	173.46322601587838	0.011976251634114738	176.618946924448	0
201.5	173.53252659717128	0.025635234967354956	176.66836108390999	0
202	173.60182717846374	0.04594533402328277	176.71777524337259	0.009894692090922794
202.5	173.99905138277174	0.08639592313004275	178.11886204797977	0.20432087357673132
203	174.67917006491862	0.14849936966791819	180.68601527878954	0.460470207121486
203.5	175.35928874706454	0.2087363625121476	183.25316850959945	0.6659718572772859
204	175.99539485284663	0.25546421541587083	185.10191869520037	0.7959240494387586
204.5	176.62702776442737	0.28296023268471615	186.87765437898975	0.8349046909889349
205	176.89411180390474	0.2834346101481528	187.20686266666436	0.778287749428817
205.5	176.9220338137004	0.2571212973627695	186.58707767929997	0.6327922473612939
206	176.77024303509563	0.21230948762111293	185.4584307969439	0.41568488164556167
206.5	176.19902534854336	0.15557726080517018	183.1421646411402	0.153505982084392
207	175.6278076619907	0.09332339534247401	180.8258984853366	0.007826719521577484
207.5	175.09688227230603	0.05273595055413111	179.79954825654644	0
208	174.56611642336938	0.030626826209255734	178.7783055586571	0
208.5	174.157978212323	0.016614856261197634	178.05841195159488	0
209	173.80437879819735	0.007694226097984986	177.4725437335022	0
209.5	173.5382068684373	0.005085724761393406	176.9692504991772	0
210	173.4097820538284	0.010533588638261327	176.59605898149033	0
210.5	173.3136282235921	0.023035050300355183	176.3326823477314	0
211	173.56769727257017	0.04243873130977235	177.26107862004724	0.0023145370832642915
211.5	173.82176632154705	0.07809125119853501	178.1894748923627	0.16577104622216263
212	174.3889027247082	0.13902839508635598	180.19689437643356	0.425026522231263
212.5	175.12608422135926	0.2005056894630466	182.79039414153	0.6398208562715426
213	175.8139444717485	0.24958667312684157	185.08793045711388	0.7821692056243255
213.5	176.31811970534145	0.28047537281794227	186.28322270313302	0.8351783621714796
214	176.82229493893357	0.2851629777017997	187.47851494915176	0.7925574576466025
214.5	176.78408643270444	0.2622140313135926	186.5960250554689	0.659364533211361
215	176.58870526563862	0.21994409606640908	185.1114327690342	0.45140627578963866
215.5	176.24743519544631	0.1644654921029643	183.48985731249866	0.19347971681659035
216	175.62167410380275	0.1021074941668834	181.60115748153163	0.016271181529408343
216.5	175.0175794889586	0.057169012361187196	179.8597778070941	0
217	174.5399514623689	0.033109136992525205	178.97830155625905	0
217.5	174.06232343578	0.01832687153929378	178.09682530542474	0
218	173.74374053988473	0.008692194324909419	177.54741004901007	0
218.5	173.43290512721825	0.005053718649511058	177.0141703081457	0
219	173.4928286976814	0.009232766921192462	177.3837279392399	0
219.5	173.66929750832537	0.020675607504022857	178.0370729938037	0
220	173.8457663189701	0.039148781301269885	178.6904180483667	2.6758699152482204E-4
220.5	174.02223512961427	0.0701549702519828	179.3437631029293	0.1291195842533543
221	174.38621047338867	0.12957203390098868	180.54628952559423	0.38854422142932404
221.5	175.06215064493725	0.1920833386856024	182.66251889000182	0.6120674025478932
222	175.73809081648548	0.24342844952152795	184.77874825440904	0.7664382435619989
222.5	176.41403098803409	0.27738011552412756	186.89497761881597	0.8333367656557543
223	176.57415310954747	0.2862686428289364	186.8698088109438	0.8048237783737291
223.5	176.52178165219104	0.26704528446883696	185.96248133998841	0.684283064038757
224	176.4694101948342	0.22725610199492652	185.05515386903318	0.48601980696264335
224.5	176.14878766715452	0.1732279352412203	183.69011103306968	0.2335629239132466
225	175.54179236519025	0.11151286779591744	181.83643186565578	0.027713017322203107
225.5	174.9347970632262	0.061985580394949134	179.98275269824134	0
226	174.47512657942656	0.035746972414051115	179.08521187177786	0
226.5	174.03056998441016	0.020129554286863315	178.2857602113296	0
227	173.65493232622978	0.00973998420963732	177.60023671604804	0
227.5	173.41906311963194	0.0051745020349932445	177.14576094100696	0
228	173.18319391303538	0.008145855076745617	176.69128516596504	0
228.5	173.16911816676762	0.01856433854743243	176.56499723424074	0
229	173.227583162765	0.03614591599193409	176.54604785849293	0
229.5	173.39304091066612	0.06322569858740912	176.97944213351315	0.09589611016514826
230	174.0565445439335	0.12023844605790679	179.5184733795342	0.3511190710405073
230.5	174.72004817720162	0.18344911968842673	182.057504625556	0.582784349139344
231	175.37965782979416	0.23690110278836282	184.21211991117323	0.7487724571502004
231.5	176.03667289594827	0.27370436032348705	186.11059616545873	0.8293847356470211
232	176.51111527071583	0.2867487031499572	187.27490060405216	0.8150545124223776
232.5	176.59135746311983	0.27153493002742335	186.8540245787281	0.7074824285052497
233	176.65127413281144	0.23418406859194105	186.36913572184403	0.5194346143746472
233.5	176.1147310177104	0.18179894974415114	184.00576726690326	0.27322766783248487
234	175.57818790260947	0.12095335660233533	181.6423988119626	0.043387426802744974
234.5	175.04279072829044	0.06726996504343283	179.83949721787724	0
235	174.50865885579455	0.038797320849085104	178.6554406398179	0
235.5	174.04838184554717	0.022045605517630552	177.97455396115717	0
236	173.67192497732736	0.01103843047081091	177.4368442828915	0
236.5	173.33466466385437	0.005482625558365712	176.93216728494858	0
237	173.17334813209393	0.00727211703534038	176.5757659386182	0
237.5	173.01203160033302	0.016670195413831735	176.21936459228706	0
238	173.17237650753594	0.03326253860168197	176.80247681808734	0
238.5	173.36901725991993	0.057638339080242275	177.491602494767	0.06576415717371177
239	173.7768468445828	0.11094637432811158	178.94947524410404	0.31284931237718144
239.5	174.5032518026769	0.17451527842460343	181.56699210484692	0.552048564290027
240	175.22965676077166	0.22986991960901793	184.18450896558974	0.7292182192163691
240.5	175.8085103966698	0.2695185522417502	185.7554606467275	0.8233326462549492
241	176.3707306149034	0.2866018985027692	187.2084333393622	0.8232228040357007
241.5	176.52293828721443	0.2754900240744777	187.07502609574013	0.7289017280977028
242	176.4531355206333	0.2407293153971545	186.08263804921145	0.5515629838949462
242.5	176.1688342912192	0.19015731985497342	184.60505811521546	0.31225226901961617
243	175.56113136171817	0.13038383938133413	182.39594901684632	0.06456101628936524
243.5	174.9676193922772	0.07317225066081688	180.37015809298006	7.735140760524694E-5
244	174.45527965262343	0.04209008879846414	179.39294632943782	0
244.5	173.9429399129691	0.024158203260878437	178.41573456589487	0
245	173.58442475025473	0.012452512642267712	177.80031862028372	0
245.5	173.24322002942208	0.005844344991906492	177.22561688045298	0
246	173.04821028606432	0.0064774258850445795	176.7836710138383	0
246.5	172.93230607324324	0.01484441916764585	176.41355883100843	0
247	172.9710208735868	0.030424780486232646	176.59326471059367	0
247.5	173.24270253833507	0.05290402509840536	177.60138998941036	0.04043434790183593
248	173.51438420308406	0.10185308589304083	178.60951526822663	0.2738354038550501
248.5	174.2539001290214	0.16524560328943455	181.19952820114932	0.5199407296755106
249	174.99367523002815	0.222519462513844	183.7904174825476	0.7078268597879589
249.5	175.59384241695668	0.2647919977319754	185.54794815045616	0.8151963842615012
250	176.10092379164408	0.2858286142507168	186.7498236183204	0.8293072113843296
250.5	176.46958901927923	0.2789051188812036	187.42206632882812	0.7484847369872494
251	176.286254104992	0.24696255273152723	185.9821468136588	0.5823205783023558
251.5	176.1029191907045	0.19836751598713045	184.5422272984892	0.35053428759142513
252	175.56508287148276	0.13959461428803405	182.69536607103083	0.09169738390225046
252.5	174.9391744605669	0.0797575535956152	180.74740451702706	0.0010873462521906324
253	174.40268319731874	0.0456262630239081	179.46737531856894	0
253.5	173.91616973344173	0.02632541045816893	178.56067260310107	0
254	173.50833488111905	0.01388686747955704	177.82608107159308	0
254.5	173.18507797049423	0.00631749170425528	177.27650563778604	0
255	173.00843211774594	0.005735188780323244	177.0546855049356	0
255.5	173.1399263172287	0.013118994193834168	177.52172566010415	0
256	173.27142051671098	0.027618686755315768	177.9887658152723	0
256.5	173.4029147161935	0.04885334374357438	178.4558059704419	0.020626640419203923
257	173.53623981272213	0.09294919834171982	178.92852568741878	0.23426139407171873
257.5	174.21743469686209	0.1557641424278257	181.10077314601392	0.4865451286126611
258	174.89862958100167	0.2148116405895993	183.2730206046095	0.6846545313507206
258.5	175.57982446514126	0.2596073021807777	185.44526806320562	0.8049973074180273
259	176.16980208036586	0.2844308802710102	187.23481237801863	0.8332917628514109
259.5	176.1448534096165	0.28171544521127245	186.44442609815326	0.7661800496224407
260	176.11990473886638	0.25290722949072725	185.6540398182878	0.6116266586710848
260.5	176.08350065070894	0.2063608010660567	184.84159688842658	0.3879732329498688
261	175.4769341958989	0.1487318321450821	182.93134396054336	0.12505897983601272
261.5	174.8703677410888	0.08726819064805141	181.02109103265926	0.003956785982015308
262	174.32556221486522	0.049483261550464015	179.54034396308356	0
262.5	173.87724393152308	0.028743541439752423	178.73060098974858	0
263	173.4289256481805	0.015423936796614109	177.9208580164144	0
263.5	173.1429092088985	0.007016238532150127	177.38081660602927	0
264	172.90790401433873	0.005201590074029692	176.92554202321216	0
264.5	172.71288967081608	0.011618723616067417	176.5364592249887	0
265	172.78212407204776	0.025005683040024138	176.58475386529895	0
265.5	172.85135847328033	0.04505217549426439	176.63304850561005	0.007446383059049425
266	173.22750324434145	0.08431088237959669	177.94585305261094	0.19487391078848873
266.5	173.90807828441302	0.14618901840461165	180.51294917428888	0.45194942481537453
267	174.58865332448417	0.20674788047438192	183.08004529596673	0.6597620614479662
267.5	175.22739883292624	0.25407929792362655	184.95767473989974	0.7927621883809797
268	175.860037846104	0.2824123656262704	186.73465220809854	0.8351659989581977
268.5	176.14908084835034	0.28391211891457135	187.14858390874676	0.7819412156692541
269	176.17806615801035	0.2584089230410496	186.53086644606856	0.6394042963110559
269.5	176.04764648617322	0.21416833634074928	185.46147762703308	0.4244708275706372
270	175.47686043747336	0.15774843097347285	183.1443180240244	0.163104542915165
270.5	174.90607438877424	0.09539872630424769	180.82715842101496	0.009605377020756412
271	174.3734308559048	0.05379463787303398	179.75637523757078	0
271.5	173.8422792182229	0.031234320739365138	178.73434245623127	0
272	173.4278412304535	0.01700365358453377	177.9994557150857	0
272.5	173.07381267765885	0.007935260760226173	177.41319195039839	0
273	172.79983231825335	0.0050604353270244104	176.90259031204036	0
273.5	172.6709597556836	0.010210617019982092	176.52914560366	0
274	172.5620052747801	0.022420308921835268	176.22330373727962	0
274.5	172.81539639984848	0.041619047821989934	177.14727873592986	0.0013721654662150196
275	173.06878752491596	0.07612571913790099	178.07125373458084	0.15662301504717432
275.5	173.62031853296793	0.1367212374206232	180.02334119265177	0.4162444322765953
276	174.35804984025418	0.1984723669618536	182.61752606376422	0.6332147930077967
276.5	175.0542473750967	0.24809129111826678	184.9619102616559	0.7785231444334986
277	175.55996209433397	0.2797783689332244	186.1606548324093	0.8349249998202519
277.5	176.06567681357262	0.2854893737054563	187.35939940316092	0.7957268619436063
278	176.05178677956096	0.2634071268145325	186.5683902073317	0.6655805747062625
278.5	175.85766442902138	0.22176568674045424	185.08720655018314	0.45993126498252057
279	175.53151375598986	0.16661552467906443	183.48072840017753	0.2032244291578504
279.5	174.90581143150868	0.10436707575132047	181.58997660687373	0.018718314596372226
280	174.2968075705209	0.05830824929851545	179.81322964808146	0
280.5	173.81884465215242	0.03372125655351403	178.93113392373036	0
281	173.34088173378436	0.018755417504122344	178.04903819937965	0
281.5	173.01637575152628	0.008939637049416686	177.48766769057158	0
282	172.7051894898483	0.005079276832636893	176.95413541679025	0
282.5	172.74848723303344	0.008964480722410394	177.28243358485705	0
283	172.9247368734896	0.020147987789052964	177.9339677545434	0
283.5	173.1009865139466	0.038405780669820484	178.58550192423016	1.5077841401982945E-4
284	173.27723615440266	0.06832843441751275	179.23703609391683	0.12070232255001162
284.5	173.62438591564455	0.127296708611382	180.3890172583513	0.3795238768808942
285	174.30113652262344	0.19000980983622712	182.506168909249	0.6050824128174533
285.5	174.97788712960227	0.24188803468003153	184.62332056014657	0.7623175531772639
286	175.65463773658044	0.27653580445378306	186.74047221104385	0.8325693980621899
286.5	175.8414567979685	0.2864430692777701	186.82416415441972	0.807500801016239
287	175.79004457843436	0.26819074988323505	185.91907773644363	0.6900867809212671
287.5	175.73863235890136	0.22897695156904324	185.01399131846756	0.4942614612600661
288	175.43714545698134	0.1753275764526698	183.68122741645425	0.2432644362736573
288.5	174.8301454220861	0.11381003141951769	181.82597524491698	0.031019936513990553
289	174.2231453871908	0.06321344527288981	179.9707230733789	0
289.5	173.75769966708177	0.03644953400815117	179.03688940223807	0
290	173.31282182157716	0.020580503558725382	178.2369380518424	0
290.5	172.92975955792258	0.010025157599818322	177.53923466593685	0
291	172.69360622309642	0.0052364926656258085	177.08453051240585	0
291.5	172.45745288826942	0.007894499089333833	176.62982635887548	0
292	172.43311746375156	0.01807997421988119	176.48762100750315	0
292.5	172.4914894994206	0.03543337092185863	176.46743547117262	0
293	172.6359680723221	0.06178351630772493	176.81115923692892	0.08826100554460682
293.5	173.29983244208105	0.11795430769020694	179.34994657073074	0.3418841503732533
294	173.96369681184052	0.1813097031038726	181.88873390453276	0.5754387685948691
294.5	174.62424752689685	0.23523650490044784	184.0663243910775	0.7441879544160251
295	175.28224945256895	0.2727361733071417	185.96609030840116	0.8281053771570558
295.5	175.77761749578724	0.28677070217317496	187.2119819212225	0.8172321262050263
296	175.85895860544116	0.2725387099134233	186.79326607865448	0.7128585859731682
296.5	175.94029971509664	0.23579783270836532	186.37455023608499	0.5273712993696459
297	175.40506469867148	0.18384828784569637	184.01300169045504	0.28278299327265777
297.5	174.8691009736453	0.12325479424476857	181.64915698245133	0.04805693917279383
298	174.333855329365	0.06866736476407408	179.81444681679542	1.3022396068456096E-6
298.5	173.7994691233553	0.039581585327632535	178.61303378122372	0
299	173.3334591402294	0.022561626436247727	177.9178061796364	0
299.5	172.9565145437713	0.011382302622358096	177.3796571161366	0
300	172.61167429544034	0.005565249371817129	176.8685827304602	0
300.5	172.44991015565972	0.007078060472666431	176.51190259185222	0
301	172.28814601587996	0.016224954712052885	176.15522245324416	0
301.5	172.43623223813105	0.032568402024308746	176.70090947742054	0
302	172.63226713828436	0.05640920015866299	177.386235881566	0.059034896606314495
302.5	173.02241857251315	0.10872253401664032	178.778295418081	0.30342405733008343
303	173.74927919423516	0.17228803870441023	181.3962347587517	0.544361675137891
303.5	174.47613981595651	0.22810617537196629	184.0141740994216	0.7241819384882737
304	175.0616394805947	0.26841323165332853	185.626209379824	0.8215446551946111
304.5	175.62514989507156	0.28647141235276297	187.08177234655366	0.8248952927052698
305	175.7998016327699	0.27637492582053763	187.03319442736588	0.7338362136956669
305.5	175.73113871034	0.2422727591880789	186.04345317482807	0.5591738657273554
306	175.4659052771668	0.19217053632609923	184.60848153785133	0.3216363247355409
306.5	174.85846004495866	0.13264698327605098	182.39840334868904	0.0705788356243027
307	174.26188167498856	0.07469610710661029	180.32953705283882	1.993308688663579E-4
307.5	173.74928526633758	0.04293558788634693	179.35199330271897	0
308	173.23668885768623	0.024668273966850437	178.37444955259983	0
308.5	172.8720028209852	0.012800233407140463	177.74498101229037	0
309	172.5305398464653	0.005943704984233401	177.1701629480393	0
309.5	172.32749644371614	0.006288740659937089	176.72101112165086	0
310	172.2114627174785	0.014405671630943535	176.35085230589723	0
310.5	172.2364723274696	0.02974281400632733	176.48164903882306	0
311	172.50818144424306	0.05185833279977368	177.48866927924877	0.03506259040545611
311.5	172.77989056101617	0.0996693877695019	178.49568951967407	0.26424455579629236
312	173.50361977054536	0.16295038922065608	181.03058925197107	0.5119327100598108
312.5	174.24402929347661	0.22067601735863313	183.62187034689754	0.7023520213422212
313	174.85318438010552	0.2635692397563332	185.42886264968345	0.8129044541213055
313.5	175.36131324185644	0.2855459854546508	186.63218974985023	0.8304701846449933
314	175.7549806074322	0.27964482034400867	187.39772423474875	0.7529645976519735
314.5	175.5724382675431	0.24845573453510458	185.95937040497103	0.5895856783478796
315	175.38989592765353	0.20031623873588555	184.5210165751933	0.35972244036347617
315.5	174.86760435305186	0.14180603089254393	182.6912455441629	0.09927802477307518
316	174.24174608280228	0.08150097841092555	180.742157728837	0.0016173148089961564
316.5	173.7003033325772	0.046538098315800455	179.42552516644594	0
317	173.21352134524636	0.026895598056802368	178.51842021949827	0
317.5	172.79979570330005	0.014239433802418442	177.77123305379297	0
318	172.47624483023296	0.006464556227770117	177.22143529878687	0
318.5	172.28375425435607	0.005565226866158212	176.96414137184325	0
319	172.41502923211047	0.012744451733278775	177.42943594699787	0
319.5	172.54630420986467	0.026961408723600516	177.89473052215212	0
320	172.67757918761828	0.04789862453754712	178.3600250973068	0.016716084037751277
320.5	172.808854165372	0.09082368027672517	178.82531967246132	0.2246322916643936
321	173.47393362161156	0.15343560002090695	180.9460780100043	0.4782369996475086
321.5	174.1558988918911	0.21288427817663305	183.11920356132828	0.6787555066810779
322	174.83786416216935	0.25831023911036277	185.2923291126522	0.802207454532525
322.5	175.45366025644242	0.2839968507316832	187.1878894944162	0.833942167889277
323	175.4296491614637	0.2823064976471753	186.39959915157814	0.7701935256846658
323.5	175.40563806648493	0.2542958757895312	185.61130880873944	0.6185269059852863
324	175.3816269715064	0.20829988977689148	184.8230184659018	0.3969413638051695
324.5	174.78328987470053	0.15094734832774426	182.92727734729436	0.13383598050365914
325	174.1767445198407	0.08917894486526308	181.01570855987282	0.0049713126035533005
325.5	173.6264548847761	0.05050800905620288	179.49648043327633	0
326	173.17783679011825	0.029348175345218337	178.68633361425253	0
326.5	172.72921869546028	0.01580752162760989	177.87618679522797	0
327	172.435610916417	0.007216039366458855	177.32373203805474	0
327.5	172.2003539182452	0.005150216617557524	176.86828071561368	0
328	171.99457149128565	0.011262807942091623	176.46150067846236	0
328.5	172.06374172377173	0.024374181392297797	176.50874927613515	0
329	172.13291195625771	0.044185084191284786	176.55599787380763	0.005414637887573424
329.5	172.48788349256128	0.08226248212665703	177.7802969972554	0.1854827910548972
330	173.1688865261338	0.1438921570727746	180.34733158115066	0.44336299540423213
330.5	173.8498895597054	0.20474788794529858	182.91436616504606	0.6534543355402972
331	174.4911839319353	0.25266270384525896	184.82075425997783	0.7894817361358004
331.5	175.12476948654358	0.28182807467461796	186.59888813723677	0.8353021284549459
332	175.4357552764802	0.28435297080630567	187.09757132588678	0.7854777717229329
332.5	175.4657416816169	0.25966365930374086	186.481793514389	0.6459215776907697
333	175.3567471857712	0.2160242926726457	185.47196230596904	0.43319539509559335
333.5	174.78636824065543	0.15990796135944646	183.1539649521491	0.17287183723398786
334	174.21598929553946	0.09750774388668201	180.8359675983291	0.011569058150733455
334.5	173.68169371706722	0.05486323991630267	179.7206186666265	0
335	173.15017562150666	0.03183950972312219	178.69784245614872	0
335.5	172.7294336077819	0.01742336109563885	177.9478986519776	0
336	172.37499827036208	0.008176393882270113	177.3612627546283	0
336.5	172.09319093227984	0.005039478872528695	176.84332420969892	0
337	171.96389259320244	0.009888200085916734	176.46964083560056	0
337.5	171.84209314411078	0.021838174673935656	176.12134636476387	0
338	172.09483979836048	0.04080493573666941	177.04114821246972	7.639753970680404E-4
338.5	172.34758645261155	0.07418182809616351	177.96095006017572	0.1475981749394734
339	172.8833280345778	0.13441484228981074	179.8571096898575	0.4074022418638202
339.5	173.6215741027622	0.19644042794910838	182.45192788773176	0.6265149236919335
340	174.32604530183454	0.2465925688827129	184.84316930199932	0.7747607040414304
340.5	174.83321094444696	0.27904535033756	186.0451587182937	0.834546496434887
341	175.34037658705918	0.2857788678133587	187.2471481345865	0.798777214501441
341.5	175.35087194143748	0.26458388786346215	186.54790210190708	0.6716977822369251
342	175.15793681321497	0.22355983329512755	185.069931724151	0.4683893671191658
342.5	174.8470037849847	0.16875079721353464	183.47887208567752	0.21298172802316784
343	174.2213553816962	0.10664258081441706	181.58618903610986	0.02135273741924988
343.5	173.6074423020572	0.05946512833643634	179.77393536764612	0
344	173.1291622090791	0.03435676407768862	178.89125786586317	0
344.5	172.65088211610154	0.019189980995117994	178.008580364081	0
345	172.3204477346651	0.009187063713057516	177.43520193911684	0
345.5	172.0089286955788	0.0051052159087391635	176.90139515857595	0
346	172.03553692956928	0.008697577665761815	177.18844959359956	0
346.5	172.21157599166247	0.01961895663673595	177.8382726692101	0
347	172.38761505375626	0.037660808334636066	178.4880957448215	7.321273150931801E-5
347.5	172.5636541158495	0.06656796182511619	179.13791882043333	0.11248968245125446
348	172.8938420013143	0.12503774359291842	180.23904974724033	0.3704491362854516
348.5	173.57135598579578	0.18791628162672672	182.35706158162935	0.5980079873027251
349	174.24886997027687	0.2403170283688036	184.4750734160179	0.7580830010737517
349.5	174.92638395475794	0.2756559823936523	186.5930852504064	0.8316772553690701
350	175.13986263208017	0.2865804456775421	186.78554283695638	0.8100569428789121
350.5	175.0893555285557	0.2693020139341296	185.8825688176847	0.6957878568852923
351	175.03884842503084	0.23068117179420694	184.979594798414	0.5024308954241883
351.5	174.7566051473916	0.1774065407462704	183.67945804723053	0.2529327200192572
352	174.14959833542989	0.11609562102690581	181.82272294445346	0.03461447558006031
352.5	173.54259152346862	0.0644839631689549	179.9659878416773	0
353	173.07138584791434	0.03718789446415611	178.99570241525535	0
353.5	172.62620270795844	0.021037823733315475	178.1952805766504	0
354	172.23570729721672	0.010322259027758612	177.48536885062396	0
354.5	171.99928252499558	0.005312518522010471	177.0304494425852	0
355	171.76285775277415	0.0076839476529032774	176.57553003454638	0
355.5	171.7282295651207	0.017616187920998724	176.41748863667868	0
356	171.7865096652779	0.03473208047355259	176.3961315522381	0
356.5	171.9099356852293	0.06037995397687578	176.65000435028324	0.08072745552061306
357	172.57413490399043	0.11568672236569946	179.18854738446885	0.3326006808601785
357.5	173.2383341227511	0.17914839820629097	181.72709041865474	0.5680083573035549
358	173.89974117941085	0.2335423488349113	183.92754112623595	0.7394924063334415
358.5	174.5586750535893	0.27173862002575433	185.82852354041495	0.8267019370377123
359	175.07494519110145	0.2867556002506971	187.15601961500448	0.8192873474801742
359.5	175.1573276035635	0.2735170501043682	186.73935358471027	0.7181285650015848
360	175.23971001602433	0.23739435280155727	186.32268755441635	0.5352306207326688
360.5	174.72616759011467	0.18587596814891283	184.02734842778264	0.2922989510270177
361	174.19075261230842	0.12556043486666574	181.66305534563114	0.05303455585670963
361.5	173.65568824584724	0.07009587523257128	179.79704681418866	1.665324255071213E-5
362	173.1210792913414	0.04036601149561141	178.57826417535227	0
362.5	172.64934466043292	0.023076324140252798	177.86809580331166	0
363	172.27193589718368	0.011726020685342974	177.3295303115351	0
363.5	171.9195039053029	0.005649811381541137	176.81204265555772	0
364	171.75731182599412	0.006884496099517237	176.4550979929282	0
364.5	171.59511974668484	0.01577880441981823	176.09815333029886	0
365	171.73092088301078	0.031873526662574966	176.60663666819866	0
365.5	171.92637497428302	0.055244298815960144	177.28836333788087	0.05273753840618577
366	172.2987025374407	0.1065071928841635	178.61415065852424	0.2939562280794068
366.5	173.025989317829	0.17004031215549872	181.23247360973662	0.5365947829577097
367	173.75327609821775	0.22633107847705897	183.85079656094834	0.7190377202770564
367.5	174.34532444930292	0.2672736167729297	185.5038023213473	0.819633601690333
368	174.91005336947552	0.2863038717506975	186.961804956976	0.8264441984209752
368.5	175.10717311542408	0.2772258485902802	186.99821395403535	0.7386612620523092
369	175.03958704740427	0.24379436848238506	186.01097031232933	0.5667024435092555
369.5	174.79349667593448	0.19417495986835448	184.61891157166454	0.3309749770351823
370	174.18629728022282	0.1348957417021144	182.40792363680788	0.07702813345817651
370.5	173.58666819627445	0.07628280566816673	180.29587061029764	3.723270673262524E-4
371	173.07382587354343	0.04378360580489027	179.31801661467372	0
371.5	172.56098355081352	0.025176694197812863	178.3401626190496	0
372	172.19012413093782	0.013149423378500153	177.6966023529814	0
372.5	171.8484155401626	0.006048054213083465	177.12167668434464	0
373	171.6373214232658	0.006100625132775848	176.66530481390285	0
373.5	171.52116385086143	0.013966260798864764	176.2951032399266	0
374	171.53243670027993	0.029058281171379645	176.37700863278033	0
374.5	171.80417077679218	0.050882538061828735	177.3829974091322	0.030020391565213942
375	172.07590485330425	0.09749594713015572	178.38898618548362	0.2546172199337964
375.5	172.7837398377386	0.16065135338397193	180.86854120052524	0.503849725143497
376	173.5247465634665	0.21881083910053484	183.4601821047692	0.6967726366154051
376.5	174.14282737150435	0.2623128963568158	185.31659152397174	0.810490803762486
377	174.6519439961011	0.2852264459683894	186.52127590491992	0.8315087089116432
377.5	175.07062326527497	0.28034852784217906	187.3801903217611	0.7573320495471796
378	174.88882976107817	0.24991754290803914	185.94331171894538	0.5967637499731175
378.5	174.70703625688034	0.2022551623082861	184.50643311612913	0.3688592731730979
379	174.2003583981305	0.14401308934245094	182.69399869675107	0.10725541791842953
379.5	173.57454440004733	0.0833207389721229	180.74384674969812	0.0022412491742256646
380	173.02816564388982	0.047461752331151755	179.3905179029676	0
380.5	172.54112731792662	0.027479503673088487	178.4830332264543	0
381	172.12151178075746	0.014613511225421172	177.7232268183042	0
381.5	171.79768013091265	0.0066302677281695815	177.17321889031263	0
382	171.5893116687766	0.005413437634209444	176.88049764638285	0
382.5	171.7203719631309	0.012373894907688521	177.34412568542197	0
383	171.85143225748524	0.026332331459963675	177.8077537244611	0
383.5	171.9824925518395	0.046951850181368375	178.2713817634994	0.013188371153545998
384	172.11355284619415	0.08871983710550613	178.73500980253846	0.21500157276216691
384.5	172.7605273213168	0.15109313507210007	180.79821688973848	0.46985913989362244
385	173.4432195711852	0.21093053938709286	182.9721660465695	0.6727556013671606
385.5	174.1259118210533	0.2569802794139778	185.14611520339997	0.7992975431702329
386	174.76749291299188	0.2835261511548735	187.14764040564273	0.8344675845725454
386.5	174.74437461009563	0.2828611426360925	186.36135558153322	0.7740919165230643
387	174.72125630719913	0.25565227162038817	185.57507075742276	0.6253356289597116
387.5	174.6981380043031	0.21021349928378394	184.78878593331203	0.40585239286723274
388	174.1195917411025	0.15314578875694088	182.92998726398469	0.14301772655738143
388.5	173.51306404804325	0.09111074073060893	181.01715733754187	0.006177188574165235
389	172.957301748641	0.051561828489547185	179.45934441539785	0
389.5	172.5083962591234	0.029952508482899848	178.64881191011793	0
390	172.0594907696057	0.016190380738162882	177.8382794048369	0
390.5	171.75828399976518	0.007426570825667378	177.27338263617838	0
391	171.52278449642478	0.005116695704492582	176.8177627308767	0
391.5	171.30621124543964	0.010906557499554846	176.39332623049265	0
392	171.3753154164438	0.023740828125771066	176.4395795718311	0
392.5	171.44441958744838	0.04334458736153283	176.48583291316928	0.003733316389825011
393	171.77813899964048	0.08027421851348424	177.62145254615135	0.1761254934021894
393.5	172.45954316329767	0.1415843922908268	180.1884184865661	0.43471225276014924
394	173.14094732695477	0.20274447583109503	182.75538442698073	0.6470496594376688
394.5	173.78470816696043	0.2512140468366998	184.69041907615986	0.7860832023101035
395	174.41918710213685	0.2812074505973327	186.4696352285754	0.8353130583319367
395.5	174.75209919288858	0.284757097338535	187.05308718378055	0.7888968681980889
396	174.78303136113507	0.2608853112319139	186.43913701642367	0.6523430790633727
396.5	174.69551088714846	0.21788826320366286	185.4891348393785	0.4418572288891011
397	174.12551932868286	0.16206416187594413	183.17035460472474	0.18263054497026665
397.5	173.55552777021703	0.0996549066540454	180.85157437007035	0.013714448757016436
398	173.01963989628248	0.05594702856892931	179.6915397109156	0
398.5	172.48777101369274	0.03244229914651704	178.6680588728873	0
399	172.06072005415547	0.01785185886783873	177.90299813340923	0
399.5	171.705897344367	0.008417588004921985	177.31601029286304	0
400	171.41624568851873	0.005034397727577083	176.79070805297866	0
400.5	171.28654119689926	0.009571813421478965	176.41679874451663	0
401	171.15683670528034	0.021284286065894775	176.0428894360549	0
401.5	171.40397767248268	0.03999653044229075	176.94184019834765	4.8327041759874394E-4
402	171.65609885660888	0.07224866825620922	177.85761249614862	0.1387374927818037
402.5	172.17591442181296	0.13210832049848545	179.69741775281386	0.3985013245966376
403	172.91463595415945	0.1943882382202516	182.2928471197703	0.6197222891254163
403.5	173.62728219459518	0.2451038517919527	184.73076255625426	0.7708824689302026
404	174.13587414635955	0.27827643090285187	185.93604009369733	0.8340429108145924
404.5	174.6444660981237	0.28603141505359586	187.14131763114102	0.8017080414583934
405	174.679305547282	0.2657553600878662	186.53371112701004	0.6777152055163659
405.5	174.4875796110553	0.22532625701598155	185.05911865599182	0.47677926826272743
406	174.1918731665459	0.17087114667864703	183.4838218494652	0.22274632711884612
406.5	173.56627533577247	0.10894732340205714	181.5890277314505	0.024282827808491367
407	172.9475142867943	0.060637370239723896	179.74128163842215	0
407.5	172.46889742890954	0.03501012533289827	178.8579523720616	0
408	171.9902805710243	0.019630602262108717	177.97462310570117	0
408.5	171.6539496807372	0.0094350173077896	177.38929510224688	0
409	171.34206657433592	0.005132424705153762	176.85517011337097	0
409.5	171.352089458436	0.008433543356166823	177.10124835690317	0
410	171.5277728723468	0.019102713880906806	177.74883786351896	0
410.5	171.70345628625677	0.036939423528220404	178.3964273701354	1.8158579984463872E-5
411	171.87913970016825	0.06492456354484165	179.04401687675028	0.10452970312891433
411.5	172.19250001220564	0.12276635023057555	180.09469556119814	0.36132140937254065
412	172.87075466244465	0.1858126920053246	182.2137085906406	0.5908452249911817
412.5	173.54900931268355	0.23871567463822888	184.33272162008387	0.7537352450744664
413	174.22726396292316	0.2747433295433276	186.45173464952552	0.8306604761676698
413.5	174.46738479455092	0.2866807506873073	186.75299204157392	0.8124918068739694
414	174.41783488727071	0.27037890399050274	185.85244624867576	0.7013854062884418
414.5	174.36828497998926	0.23235658980595322	184.95190045577704	0.5105268403616843
415	174.1051808621613	0.17949661445975132	183.6844315594296	0.26256627321560716
415.5	173.4981663763157	0.11838882403799789	181.82606511431032	0.03858752056700965
416	172.89115189046916	0.06579011718538888	179.96769866919203	0
416.5	172.4142361953262	0.03794107337004876	178.96104983390788	0
417	171.9687462560604	0.021502560666663645	178.16013596002304	0
417.5	171.570822696544	0.01065623455462554	177.43799272177128	0
418	171.33413629251754	0.005393036017662004	176.98286062232415	0
418.5	171.0974498884909	0.0074889422903815315	176.52772852287885	0
419	171.05249863480196	0.0171637563803315	176.3540132445333	0
419.5	171.1107140250441	0.034037741305931	176.33171949180604	0
420	171.21290654234534	0.059027531424712926	176.49514687000465	0.07353715220360384
420.5	171.87747107058186	0.11344155769945574	179.03354443966182	0.3232701046560934
421	172.54203559881662	0.1769655407469038	181.57194200931968	0.5604942695540263
421.5	173.20421502493278	0.23181889777303272	183.79528221536117	0.7346865423395882
422	173.86396008781142	0.27070625586482416	185.6970579662142	0.8251746333085668
422.5	174.4012912292511	0.2867033997285531	187.10684803829534	0.821219856976316
423	174.4845094262825	0.2744711416214952	186.69154287146154	0.7232915469174621
423.5	174.56772762331337	0.23899053402755613	186.27623770462756	0.5430113575453265
424	174.07613455058487	0.18790821172552089	184.04850949162255	0.30177406282453384
424.5	173.5411235798792	0.1278527908906608	181.68388138981908	0.05829149796047937
425	173.00621278153235	0.07154246478392948	179.78670752272896	3.828560948135348E-5
425.5	172.47144360592233	0.041165784668582804	178.55041603866158	0
426	171.99397482679137	0.0235896186731411	177.82458137110976	0
426.5	171.6161924474814	0.01206953126435338	177.28570693528496	0
427	171.25608163030287	0.0057344834173395625	176.76175131675677	0
427.5	171.09356374299344	0.006690853071874175	176.40460906751892	0
428	170.9310458556833	0.015331813845028392	176.04746681828067	0
428.5	171.05441943676678	0.031179382256939572	176.51877615183298	0
429	171.24947465604478	0.05412246434578197	177.19780335452302	0.046740890753730495
429.5	171.6036679503471	0.10429457856918588	178.4563096080408	0.28444729541959285
430	172.33138774876963	0.16777303840039237	181.07496040290894	0.5287490943093033
430.5	173.05910754719082	0.224536762143724	183.69361119777645	0.7137863637192092
431	173.65764218952128	0.266110996536563	185.38772063091312	0.8175997826176712
431.5	174.2234726019988	0.28609930272342743	186.84777520730105	0.8278692805656704
432	174.44318217472832	0.27804115317426853	186.96967201378874	0.7433761236130532
432.5	174.37658251896363	0.24529428889714217	185.9846521752541	0.5741475477021419
433	174.14971517776442	0.19617408221507732	184.63574892766331	0.3402667751912757
433.5	173.54274802905334	0.13712976532269736	182.42383943296434	0.08379705099122883
434	172.9400888416943	0.07790411383823999	180.26854865488082	6.524075767389282E-4
434.5	172.42699096399403	0.0446476712827379	179.29034513386893	0
435	171.91389308629394	0.025708789776246528	178.31214161285732	0
435.5	171.53687105311084	0.013498183640961206	177.65450635369018	0
436	171.1948955205184	0.006168311603067083	177.0794338433924	0
436.5	170.97577760618324	0.00592471814947599	176.61587142499914	0
437	170.85943620281847	0.013549911609199794	176.24559274713772	0
437.5	170.85707944289172	0.028371288321193313	176.27919050549545	0
438	171.12870179193203	0.049918743563248276	177.28356557903268	0.02532318913407914
438.5	171.4003241409718	0.09533974593354402	178.28794065256955	0.24498162391586809
439	172.09237227856124	0.158341903030103	180.71271890106493	0.4956930305902553
439.5	172.8339247553959	0.21692995447329158	183.30474692955676	0.6910895723455639
440	173.46080996127895	0.2610342543170978	185.21014991138355	0.8079558081372856
440.5	173.9709496304292	0.284870045431284	186.41648323766105	0.8324226228531211
441	174.4144892249938	0.281016132057195	187.36827597191825	0.7615864142043332
441.5	174.23349341536434	0.25134775076345467	185.93314027534245	0.6038536780894742
442	174.05249760573253	0.20419873655878362	184.49800457876654	0.37794336664500205
442.5	173.561400971	0.14625053907732097	182.7029714434891	0.11558380711592556
443	172.93563565903028	0.08517600616065889	180.7516442641869	0.0029801846929859155
443.5	172.38436495334886	0.048397667484888184	179.36167569744185	0
444	171.89706925735666	0.028071602920557492	178.45379468665467	0
444.5	171.47158106818372	0.014996952755061637	177.6813799126942	0
445	171.14747199816222	0.006807644389565513	177.13116222240816	0
445.5	170.92323634107237	0.005296772059954883	176.80315649991968	0
446	171.0540862513682	0.012016039707938566	177.26519349599596	0
446.5	171.1849361616658	0.025705060577147117	177.72723049207272	0
447	171.31578607196127	0.04604517844360621	178.189267488149	0.01019954429783306
447.5	171.44663598225895	0.0866287024700651	178.65130448422514	0.2053849156824014
448	172.07534237635068	0.14875743264275718	180.65654737505238	0.4614128508225196
448.5	172.75871640276523	0.20895663195884467	182.83124354247403	0.6666557474735063
449	173.4420904291807	0.2556176296962498	185.00593970989587	0.7962680253757943
449.5	174.10945192969555	0.28301885466213184	187.11348867334814	0.8348679312795612
450	174.0871565940531	0.2833792940158443	186.32901869237912	0.7778746165361085
450.5	174.06486125841036	0.25697620627191176	185.54454871141095	0.6320517698828545
451	174.04256592276695	0.2121013323141188	184.76007873044372	0.4147049358385377
451.5	173.48397436485675	0.15533491726544593	182.93875648090133	0.15244744549805148
452	172.87745897722476	0.09309760364194307	181.02478034065055	0.007648459114226134
452.5	172.31621950855234	0.052618780074320456	179.42822855386316	0
453	171.867044023446	0.03055918859536231	178.617344697115	0
453.5	171.41786853834034	0.01657245465243798	177.80646084036658	0
454	171.1090454812199	0.007667452173301877	177.22907863225365	0
454.5	170.87331826158126	0.005088814708391593	176.77330457018763	0
455	170.6459225082802	0.01056945754072789	176.3312294041859	0
455.5	170.7149657591921	0.023105721629683	176.37656989155607	0
456	170.78400901010377	0.042529551792997715	176.4219103789273	0.0024378654356936444
456.5	171.09638800694233	0.07830997284318948	177.46862671681583	0.1668017482180722
457	171.77817324257217	0.1392837819280597	180.03552450255913	0.425998540746072
457.5	172.4599584782017	0.20073094455849855	182.60242228830288	0.6405490280843084
458	173.10611103027557	0.2497508816028672	184.5660066256356	0.782567114854347
458.5	173.74143390564916	0.28055058980621184	186.34622869712396	0.8351987868912512
459	174.0962627971661	0.28512443573160834	187.0144833984304	0.7921979739499506
459.5	174.12808758766982	0.2620793993190126	186.40224710373684	0.6586678028708172
460	174.0620889084639	0.21974001527242235	185.51233068032047	0.4504549833652958
460.5	173.49246136026707	0.16422541736120813	183.1928214446114	0.19239536823025505
461	172.92283381206968	0.10186014992542518	180.87331220890033	0.016009918592774595
461.5	172.38541092736406	0.05704513218633123	179.6684741785632	0
462	171.85320844197653	0.03304259536829908	178.64432515941633	0
462.5	171.41984468168167	0.018279424647523555	177.86409025670682	0
463	171.06465331823625	0.008664701367202238	177.27676912428146	0
463.5	170.76714162576656	0.005051114985836276	176.74407793803516	0
464	170.63704958992452	0.009265352276743346	176.36995434893794	0
464.5	170.50695755408262	0.02073597589390585	175.9958307598412	0
465	170.74098681735956	0.039232769408365294	176.84883867496237	2.8586942211851333E-4
465.5	170.99253082492024	0.07036104227288476	177.76087333350807	0.13006618043927282
466	171.4962341155469	0.12982514442017715	179.54369534730927	0.3895430632016684
466.5	172.23540657825993	0.19231228685979418	182.13966837864555	0.6128379445205332
467	172.95620850876307	0.24359770792296198	184.6244483371798	0.766889041570192
467.5	173.46609596435061	0.27747173007806664	185.83260613275695	0.8334143211896301
468	173.97598341993788	0.2862469761938323	187.04076392833437	0.8045188875206319
468.5	174.0353255892384	0.26691590701712875	186.52541343523683	0.6836319097587279
469	173.84466036224697	0.22706468349520345	185.05368889306604	0.4850996650710942
469.5	173.5643491665319	0.17299337955804434	183.49440049859987	0.2324829923639281
470	172.93879589297754	0.11125692843213743	181.5978886155525	0.027360636957810137
470.5	172.31512594687175	0.061850037612316944	179.71438180712155	0
471	171.83622191939097	0.03567280794401685	178.83053736518826	0
471.5	171.35731789190962	0.02007972244446124	177.9466929232547	0
472	171.01504835106394	0.009708296350829837	177.34926190545852	0
472.5	170.7028634316532	0.005168005334369935	176.81489431806813	0
473	170.69608744831177	0.008174632409509145	177.01977555273115	0
473.5	170.87157702561336	0.01861824545698628	177.66583445148405	0
474	171.04706660291592	0.03622545774487551	178.31189335023515	0
474.5	171.22255618021785	0.06339073864823962	178.9579522489864	0.0967503723605037
475	171.5187064517509	0.12049143682888433	179.95721250940113	0.3521421141029654
475.5	172.19764322367126	0.18368655371695838	182.07697612863132	0.583595238593128
476	172.8765799955917	0.23708422225306686	184.1967397478609	0.7492749605882388
476.5	173.5555167675125	0.27381021156148944	186.31650336709055	0.8295192184111169
477	173.8222290861472	0.28674396872503005	186.72634737069015	0.8148050147537292
477.5	173.77348828024694	0.27142125276121304	185.82768218431912	0.7068785595707979
478	173.7247474743462	0.23400294533388874	184.92901699794768	0.518548038395512
478.5	173.4810853164604	0.18156990771370657	183.69481729228858	0.27216359932363243
479	172.87406026891557	0.12069740618425513	181.83513047981526	0.04289096191067748
479.5	172.26703522137043	0.06711906388811734	179.97544366734257	0
480	171.78438579319933	0.03871048514900743	178.93205160898177	0
480.5	171.33861811855127	0.021989624989059268	178.13071970739065	0
481	170.93324467213822	0.011000215262607258	177.39631589460123	0
481.5	170.6963090639582	0.005473661115893466	176.94099211595193	0
482	170.45937345577707	0.0072938056680981736	176.485668337302	0
482.5	170.40406841168752	0.01671960744943669	176.29625357373712	0
483	170.46219258682837	0.033340230824274744	176.27290035448644	0
483.5	170.54319964156926	0.05777527109782342	176.346154288295	0.06653308839536765
484	171.20805670711212	0.11119589736399982	178.88431160592393	0.31389387123367757
484.5	171.87291377265498	0.17476146982506122	181.42246892355223	0.5528976726338153
485	172.53580513103114	0.23006641944697379	183.66848198052514	0.7297711090088194
485.5	173.19638759827464	0.26963924119854615	185.57134662506016	0.8235237032309501
486	173.7545840168863	0.286614108715915	187.06278065923163	0.823029354484812
486.5	173.8387428211699	0.27539009365145367	186.64933031114194	0.72834672966949
487	173.92290162545348	0.24055668521706472	186.23587996305187	0.5507123010971371
487.5	173.45310737880908	0.18993366981073798	184.07500932478086	0.3112068567393837
488	172.91859248127776	0.13013150620718983	181.70998026845746	0.0639144406955836
488.5	172.38391085462558	0.07300678348556766	179.78256241570486	7.186428394063868E-5
489	171.84897253675922	0.04199593734306777	178.5288778107402	0
489.5	171.3657948397836	0.024101430296386277	177.78688940120873	0
490	170.987588523463	0.012414061813417232	177.2476395363851	0
490.5	170.6198635202971	0.005833312330084009	176.7172436789027	0
491	170.45695199365358	0.006498393211280621	176.35986240441142	0
491.5	170.29404046700952	0.014893124988051053	176.00248112992014	0
492	170.40508171254194	0.030500391516707342	176.4369567544418	0
492.5	170.59960150746446	0.05302511414763432	177.11272603235471	0.04104991466985079
493	170.93571546322943	0.10209516571673623	178.304160379275	0.2748987365304133
493.5	171.66381140535898	0.16549943423268604	180.9231353595707	0.5208258279932676
494	172.3919073474896	0.22272274036482576	183.54211033986624	0.7084286845947765
494.5	172.99682116747195	0.2649257782532125	185.27699901249537	0.8154435139233622
495	173.56374467309323	0.28585773705003786	186.73922866476568	0.8291703177577904
495.5	173.8059665067604	0.27882071291776356	186.94639307190928	0.7479800659405133
496	173.7403321296241	0.24679471703990735	185.9636047807825	0.581508021734835
496.5	173.53274044397494	0.19814950147735388	184.65815457560745	0.3495102757551761
497	172.92599254392888	0.1393487070899623	182.44544211328162	0.09088438116825881
497.5	172.32030693969995	0.07956900624994837	180.24676358129412	0.0010355470057193273
498	171.80698452893128	0.045525031956180885	179.26829000658475	0
498.5	171.29366211816415	0.02626366089203455	178.289816431875	0
499	170.910462169746	0.013847738655236651	177.61801882954444	0
499.5	170.56826388883957	0.006301543710971684	177.04285501377092	0
500	170.34106550177486	0.005754133949634498	176.57204698083683	0
500.5	170.22461142504693	0.013160577122136061	176.20173303371368	0
501	170.2084630527367	0.02769273977871899	176.18648151385895	0
501.5	170.48010895772777	0.048959133536471126	177.18996502252395	0.021078314972082946
502	170.75175486271914	0.09318737326439464	178.19344853118773	0.23532951770240745
502.5	171.42771374241943	0.15602176091515454	180.56244453258302	0.48746389351435543
503	172.1697998218841	0.21502415075171016	183.1547762244829	0.6853037113770982
503.5	172.80549989807335	0.2597493808416587	185.1095153043895	0.8052998610484544
504	173.3165218697736	0.28447683920892514	186.3170335483535	0.8332117844960624
504.5	173.78509504613191	0.28164752927904585	187.36237340130546	0.7657270307225976
505	173.60476754442732	0.2527509540103553	185.92854589395301	0.6108543613012284
505.5	173.42444004272164	0.20614378702157027	184.49471838660102	0.38697330959670395
506	172.9490856212935	0.1484846245465456	182.71747925224122	0.12409558308412692
506.5	172.32335522067459	0.08705790520883795	180.76520232904164	0.0038519527899582677
507	171.76717621088792	0.04937360976140138	179.3383640040382	0
507.5	171.27964583532892	0.02867623483167106	178.43014423871426	0
508	170.8482686517574	0.015381274049684715	177.64506618339092	0
508.5	170.52390309555648	0.006994047570192943	177.0946603580521	0
509	170.2837306213942	0.005207882312360932	176.73130956489123	0
509.5	170.4143788996534	0.011658246735058555	177.19182560374378	0
510	170.54502717791314	0.02507573132806107	177.65234164259485	0
510.5	170.6756754561717	0.04514856709319422	178.11285768144845	0.007696510137579922
511	170.80632373443157	0.08454114235966953	178.57337372030148	0.19591625583661001
511.5	171.41663888208805	0.14644495489013037	180.52037573480058	0.45289944453599135
512	172.10066245320135	0.2069697798664122	182.6957998996431	0.660456892591244
512.5	172.78468602431488	0.25423470846495083	184.87122406448495	0.7931193717743221
513	173.46870959542804	0.2824750400602119	187.0466482293277	0.835143145817844
513.5	173.45627785627235	0.28386087129341436	186.3019731233867	0.7815410380944862
514	173.43478512823788	0.2582674740754352	185.51930708445846	0.6386742854254821
514.5	173.41329240020278	0.21396309559956794	184.73664104553134	0.42349761750715587
515	172.8747130591987	0.15750807732621802	182.95314776173436	0.16202660331142893
515.5	172.26820907175988	0.09516540766611252	181.03818552274538	0.009394267345491576
516	171.70146795364883	0.053676241994265364	179.4025929186908	0
516.5	171.2520718769328	0.03116693347825522	178.59145393000654	0
517	170.8026758002168	0.016959478603502304	177.78031494132287	0
517.5	170.4861636773849	0.007908473583877184	177.19026661244854	0
518	170.25030655977073	0.005063085345415091	176.73441107209035	0
518.5	170.01444944215612	0.01024651539580446	176.2785555317312	0
519	170.0810503866763	0.022486996186743585	176.31993117557482	0
519.5	170.15024588894696	0.04171032603746767	176.36557218769508	0.001461633751514309
520	170.44060987263262	0.07634278055691697	177.32071983193816	0.15763134075245974
520.5	171.12297728202685	0.1369783535827896	179.88789516302035	0.41722321300689946
521	171.8053446914219	0.1986973320948701	182.45507049410188	0.6339534513307997
521.5	172.45372952216908	0.248258996919662	184.44741999547327	0.7789340199805675
522	173.08953886668422	0.2798575943423097	186.22705125721794	0.8349593318845662
522.5	173.4669878111976	0.2854549289207737	186.98282793076774	0.7953805761631663
523	173.49902836913884	0.2632762163657294	186.36978817041728	0.6648947665892332
523.5	173.45529858067735	0.22156463790285635	185.54186459261558	0.4589873228927861
524	172.88564770832494	0.16637758345801676	183.22243496332493	0.20214299048145642
524.5	172.31599683597116	0.10411492239588557	180.90300533403374	0.018438200361497317
525	171.77713823999275	0.058180237477416234	179.65085762989847	0
525.5	171.24485912918593	0.03365232297501292	178.62675950274712	0
526	170.8049497487671	0.018707116825982865	177.83063280313704	0
526.5	170.4496373302696	0.008912143503437537	177.2432940916898	0
527	170.1438642807265	0.005076406189310173	176.7028535031536	0
527.5	170.01375414791363	0.008994126046664712	176.32871016937847	0
528	169.8836440151008	0.02020668340348783	175.95456683560369	0
528.5	170.10402621152008	0.038488329809539694	176.76089376912796	1.593968930351901E-4
529	170.35571878791836	0.06852975088763553	177.67267514356791	0.12162821923545566
529.5	170.84235230329162	0.12754766987870997	179.39539516128943	0.38052884931382
530	171.58205546895857	0.19024135176767107	181.99162815533674	0.605862959336324
530.5	172.31148905964594	0.24206070699242316	184.52564867485773	0.7627810423265169
531	172.82225961684458	0.276631372870694	185.7350215406304	0.8326608252092368
531.5	173.3330301740427	0.2864255177473871	186.94439440640278	0.8072093160329896
532	173.41757306655552	0.26806516169573613	186.52387755723194	0.6894469758244864
532.5	173.2276467735978	0.2287858273090049	185.05379368196307	0.4933492649994092
533	172.9629144892096	0.175095298129003	183.5102396466157	0.24218810385419243
533.5	172.33736989909335	0.11355535606171549	181.61231643103912	0.030637424315046145
534	171.71182530897798	0.06307381465939996	179.71439321546208	0
534.5	171.22952353663194	0.036369304600208194	178.80853970545084	0
535	170.75032233346568	0.020529642587918992	177.9241600871257	0
535.5	170.40210122222624	0.00999347393807501	177.31460860813633	0
536	170.0895620526308	0.005228803143063164	176.77992653476275	0
536.5	170.0660961757655	0.007920896715425485	176.94367647441243	0
537	170.24103983704015	0.01813255059125113	177.58680509279674	0
537.5	170.41598349831446	0.03551259417011135	178.22993371118056	0
538	170.59092715958985	0.06193920469692996	178.87306232956573	0.08910582214887136
538.5	170.87043370476167	0.11820873690784447	179.82238500045466	0.3429126764483671
539	171.550096526452	0.1815485030702766	181.94349509127116	0.5762591543688583
539.5	172.22975934814244	0.23542292465380252	184.06460518208695	0.744702840504841
540	172.90942216983237	0.2728448569570451	186.18571527290217	0.8282536593898543
540.5	173.20261131011785	0.28677008997000203	186.703834715419	0.8169962071693476
541	173.1550249403039	0.2724288983209843	185.80850744178508	0.7122664633899936
541.5	173.10743857049022	0.2356199826224	184.91318016815092	0.5264932434604181
542	172.8826225981316	0.18362165909337053	183.71168006793468	0.281723207431934
542.5	172.27558978413956	0.12299780745545906	181.8498816366837	0.04752221158353552
543	171.66855697014762	0.06851064012085388	179.98808320543407	0
543.5	171.18032655404807	0.039494233689885694	178.90869879522197	0
544	170.73422540136158	0.022504354658128743	178.10677112808622	0
544.5	170.32147110115616	0.011344101237973834	177.36013669427527	0
545	170.08426000464655	0.0055558609554956	176.90457474851786	0
545.5	169.8470489081368	0.007099561463700758	176.4490128027595	0
546	169.78141145293068	0.016274472085495623	176.2441467146027	0
546.5	169.839477258028	0.03264542846318475	176.22003038902537	0
547	169.8990500525419	0.056542435884937334	176.20227350761442	0.059763702350926574
547.5	170.5642811547104	0.10896987794311733	178.7403741211334	0.30447343715833275
548	171.22951225687757	0.17253652783555792	181.27847473465255	0.54521974664796
548.5	171.8930417830442	0.22830332954228655	183.54739840694398	0.7247468699366262
549	172.55425882414397	0.268537741783951	185.45050376936936	0.8217494032711488
549.5	173.13370926860236	0.2864877410838347	187.02511348074287	0.8247155589064693
550	173.21841683141557	0.27627818588143727	186.61210365447252	0.7332933279525223
550.5	173.3031243942277	0.24210276730510177	186.19909382820362	0.5583322550731795
551	172.85562441366426	0.1919468407989816	184.10767199989286	0.32059586741966084
551.5	172.32131110635078	0.1323962268257165	181.74246876549526	0.0698892033576651
552	171.7867368409008	0.07452441709186874	179.7844875244273	1.8385912530592972E-4
552.5	171.25172258814362	0.04284181139566271	178.51310111786867	0
553	170.76280095897147	0.02461167950182408	177.7540301554465	0
553.5	170.38435189482624	0.012761410351940143	177.21462801223973	0
554	170.00881811914527	0.005932659369291283	176.6776885065888	0
554.5	169.84572974369348	0.00630970336146044	176.3202084361131	0
555	169.68264136824132	0.014454455360101164	175.96272836563756	0
555.5	169.78103280085995	0.02981871673438738	176.3600343906543	0
556	169.9754193515417	0.051968841640757185	177.0344393660077	0.03564180980074811
556.5	170.29293268603362	0.0999117420600725	178.15714691741618	0.2653120347474674
557	171.021463400828	0.16320636141326156	180.77636192800645	0.5128262148615083
557.5	171.74999411562237	0.22088156689169652	183.3955769385971	0.702965515200651
558	172.36128845157273	0.2637067638124361	185.1717599891031	0.8131651305762888
558.5	172.92912479157323	0.28557921225692234	186.63544209179372	0.8303471078856963
559	173.19411565238693	0.2795644067188595	186.9288382591137	0.7524723738281779
559.5	173.12931739545596	0.24829137055046263	185.94783017522204	0.588782722183254
560	172.94108230621325	0.20010091078063924	184.68597088986598	0.35870404278106754
560.5	172.33453621008334	0.14156093094339897	182.4723442375994	0.09841477390651808
561	171.7279901139529	0.08130078010084767	180.25871758533182	0.0015528382270988891
561.5	171.21226704710912	0.04643523185283472	179.25144074554188	0
562	170.69868272737702	0.026830871732095616	178.2725716476725	0
562.5	170.30933666093006	0.014199668055758534	177.5867041533393	0
563	169.96684705733003	0.00644757455512507	177.0113422270394	0
563.5	169.7316623391182	0.005583883654115266	176.53337713589698	0
564	169.61494404653965	0.012786092925048604	176.16293981376432	0
564.5	169.58531704672876	0.027033353057434865	176.1003086381206	0
565	169.8566622988815	0.048004934103704995	177.1014015861622	0.017138561458748435
565.5	170.1280075510359	0.09105832889930414	178.10249453420295	0.22570371953839619
566	170.78826808375473	0.1536952077604472	180.4172831023358	0.47916359228373717
566.5	171.53081673729181	0.21309973760468967	183.010028205753	0.6794159525234214
567	172.17511208988884	0.2584559854835976	185.01310129396074	0.8025233750881923
567.5	172.68718513428047	0.28404688838453696	186.22263570012734	0.8338760712469389
568	173.18041518812234	0.28224262142236994	187.36020193042904	0.7697532558715852
568.5	173.0009366126568	0.25414317046966167	185.92845132040054	0.6177647120764668
569	172.82145803719087	0.2080856882325167	184.49670071037258	0.3959476992578076
569.5	172.36168344492432	0.15070201683792372	182.73714338289096	0.13284322616041974
570	171.73600727880117	0.08896638563211724	180.7835638535704	0.004852266525602625
570.5	171.17500670504594	0.050392928087798786	179.3201020817918	0
571	170.68722138029875	0.02928109539704057	178.41147239346893	0
571.5	170.24999420209284	0.015764935839950783	177.61378635713515	0
572	169.92536212214276	0.007193832480070494	177.0631764549411	0
572.5	169.6693232073406	0.005155836715112434	176.6647529215976	0
573	169.79977035390243	0.011302371671602217	177.12381876294234	0
573.5	169.93021750046432	0.024444441476819127	177.58288460428795	0
574	170.060664647026	0.04427951211653644	178.04195044563335	0.005621298859911967
574.5	170.19111179358828	0.08248890955081054	178.5010162869776	0.1865262003454126
575	170.78287131132365	0.14414802822635228	180.38933256947033	0.4443202435621396
575.5	171.4674998840821	0.2049691529133102	182.565378265166	0.6541599996910263
576	172.15212845684076	0.25282169060995385	184.7414239608622	0.7898520714982532
576.5	172.8367570295991	0.28189479182882443	186.91746965655793	0.8352931854337686
577	172.85019422044417	0.2843057996574373	186.27977509633524	0.7850906116322907
577.5	172.82940971554223	0.25952587443697134	185.49861778384565	0.6452021468027056
578	172.80862521064108	0.21581781334015498	184.7174604713552	0.43222907196052296
578.5	172.29027113792742	0.15966724123537615	182.97231224863012	0.17178613051410774
579	171.68377060074147	0.09727029806863106	181.0563891312614	0.011342086697466966
579.5	171.11154624872407	0.05474447182772462	179.38180801316003	0
580	170.66190880016842	0.0317723832831747	178.57037336889874	0
580.5	170.21227135161104	0.017375695591834876	177.75893872463746	0
581	169.888113235859	0.008149597615550829	177.15633500067594	0
581.5	169.65205257040637	0.005040474395998068	176.7003488209014	0
582	169.41599190495407	0.009923341115862098	176.24436264112768	0
582.5	169.47186291177476	0.02190176051287036	176.26744173377787	0
583	169.5410048493746	0.04089531865404664	176.31229866923567	8.141424717924224E-4
583.5	169.80987716810313	0.07439688750715946	177.17820278306462	0.14858920816893267
584	170.49258985785633	0.13467054138957893	179.745312627365	0.40838763275944673
584.5	171.17530254760993	0.1966669650267538	182.3124224716668	0.6272639537771686
585	171.82596655921432	0.24675607789417303	184.33321927704398	0.7751844820774305
585.5	172.46253450983644	0.27912857186006795	186.1137296694805	0.8345947305103804
586	172.86189250034144	0.2857485255650593	186.9543890123257	0.798444180431489
586.5	172.89473396812795	0.2644524655866681	186.3428709744335	0.671023002881346
587	172.87260086162456	0.22336184764616043	185.57537135957398	0.46745292200217375
587.5	172.303273103129	0.16851402062711343	183.2552942881812	0.2118968473439986
588	171.7339453446333	0.1063891328075388	180.9352172167883	0.021048213404101113
588.5	171.1936336913723	0.05933645710226513	179.6380736474712	0
589	170.66105011924546	0.03428400254986414	178.61337577806046	0
589.5	170.21482186573905	0.019141664685590233	177.80199088737194	0
590	169.85917293202698	0.009159573849832958	177.21435300873412	0
590.5	169.54550903839052	0.005102324674484763	176.66648475658639	0
591	169.4150437917788	0.008727241335190525	176.2921483565568	0
591.5	169.28457854516785	0.01967780502301675	175.91781195652703	0
592	169.49179244757858	0.037743761585382514	176.67848832610227	8.183088644894218E-5
592.5	169.7429577722486	0.06676158471452466	177.58689494686223	0.11338451362731652
593	170.21322437432877	0.12528927423865327	179.25185198445672	0.3714600832600352
593.5	170.95333068454104	0.1881486076846727	181.84855778261596	0.5987984171126007
594	171.69083694268193	0.24049308776810668	184.4294838253688	0.7585591093626401
594.5	172.2027756606317	0.27575548982731785	185.6414370500188	0.8317825399263998
595	172.71471437858054	0.2865670119784547	186.85339027466904	0.8097789090467048
595.5	172.82385704728705	0.2691802345205307	186.52552305877492	0.6951595003632793
596	172.63488688835503	0.23049323151927825	185.05802146352818	0.5015267865009675
596.5	172.38569276083254	0.17717657586574154	183.5309267856467	0.25186015393413486
597	171.76018473774815	0.11584224923801054	181.63146034948164	0.034190759471089294
597.5	171.13467671466313	0.06433925746017001	179.73199391331627	0
598	170.64716734904897	0.037104673004785454	178.79125904514748	0
598.5	170.16770333674884	0.020987069821975433	177.90641844681528	0
599	169.81353625716778	0.010286686750156683	177.28468674315928	0
599.5	169.500720486678	0.005303579319246117	176.74978794907292	0
600	169.46037245200645	0.007705605496826129	176.87241869137353	0
600.5	169.63513536453908	0.01766777525723303	177.51416337926048	0
601	169.80989827707128	0.03480902881955577	178.15590806714727	0
601.5	169.98466118960363	0.060535415135619074	178.79765275503541	0.08154691060467041
602	170.24673882666607	0.11593885281006865	179.695034109718	0.3336345301699621
602.5	170.92701610120076	0.1793896136889061	181.81680415661293	0.5688381119536439
603	171.6072933757358	0.23373203991725044	183.9385742035085	0.7400195950872575
603.5	172.28757065027037	0.271851181216136	186.06034425040374	0.8268639957040884
604	172.60728959143026	0.2867591103643837	186.68687828361263	0.8190650437266725
604.5	172.56043616265978	0.27340887721732454	185.79323608344936	0.7175482807538824
605	172.51358273388956	0.23721690056752617	184.89959388328552	0.5343612212962697
605.5	172.30839091244675	0.185651549866261	183.73197026371966	0.2912436124884675
606	171.7013411038578	0.12530490207154207	181.86899019990435	0.052465648268390584
606.5	171.0942912952684	0.06993475716508032	180.00601013608838	1.4947213262704298E-5
607	170.60034930897183	0.040279009578584185	178.88961606644824	0
607.5	170.15399249776814	0.023019203338317067	178.08731543910122	0
608	169.73377151003635	0.01168783905923004	177.32837126822562	0
608.5	169.49633002429937	0.0056404099288777055	176.8726381873159	0
609	169.2588885385621	0.006906007686353292	176.4169051064059	0
609.5	169.18284352544072	0.015828419438745276	176.1964540322874	0
610	169.2408215863651	0.03195087880731392	176.17138032489387	0
610.5	169.29879964728954	0.055370162292982056	176.1463066174999	0.05341944999261099
611	169.94458031366312	0.1067523473683849	178.60102717768606	0.2950102658619143
611.5	170.6100705391124	0.17029106041540354	181.13889750815392	0.5374616843356144
612	171.2741949132815	0.22652894080699174	183.43036673166597	0.7196146056211734
612.5	171.93617200363306	0.2674019287351668	185.33446354016633	0.8198520090605086
613	172.53645107511676	0.286324316463082	186.99072325878808	0.8262782082952878
613.5	172.62202771821998	0.2771330581686309	186.5794554563743	0.7381305733296365
614	172.7076043613244	0.24362581516058196	186.16818765396008	0.5658700357399591
614.5	172.28197441232342	0.19395138546466711	184.1440279008313	0.32993963631516016
615	171.74812912120197	0.13464660092973546	181.77844130198395	0.07629453769205605
615.5	171.21382624749327	0.07610224347381686	179.7913625942384	3.4761143428543775E-4
616	170.67867919564443	0.04368856398584268	178.50257988095447	0
616.5	170.18406836012474	0.02512028702400747	177.72615067396865	0
617	169.8052132877467	0.013110644721387867	177.18638619634424	0
617.5	169.42635821536814	0.006035069846790212	176.64662171871893	0
618	169.25859000000565	0.006121270158567054	176.28528012750542	0
618.5	169.09511553624884	0.014015114858390467	175.92756786483432	0
619	169.1811680858143	0.029134463805799368	176.28839888685664	0
619.5	169.37501816253504	0.050990806284927206	176.95964595647567	0.030567737493508412
620	169.67428581808545	0.09773624630938386	178.01477594297177	0.25568867933158607
620.5	170.40314137228336	0.16090768179086024	180.6342698374708	0.5047514976262562
621	171.1319969264812	0.2190194303599887	183.25376373197113	0.6973977042213101
621.5	171.7495196440168	0.26245414258389493	185.07049927838983	0.8107649865153979
622	172.31835904335233	0.2852637716119428	186.53620685077982	0.8313994681391386
622.5	172.60587067457567	0.2802721190472962	186.91499887180433	0.756852349411573
623	172.54195515621578	0.2497566761637489	185.93604495607192	0.5959705189478457
623.5	172.373102501309	0.20203997504049565	184.71810064296938	0.36784664804908784
624	171.76675175732004	0.1437643577256096	182.50377082137214	0.10634118441915717
624.5	171.16040101333098	0.08311702783166078	180.2894409997751	0.002163712795284487
625	170.64127462530902	0.04735931706096303	179.23907902643077	0
625.5	170.12748892340042	0.027414391266237903	178.2599859877214	0
626	169.731959213748	0.014571974617785668	177.55988594355512	0
626.5	169.38927353444055	0.006610569475663508	176.9844570808531	0
627	169.14597452781052	0.005427446613571652	176.49921545236586	0
627.5	169.0291681371179	0.012413628813514571	176.12875801850657	0
628	168.98567331773455	0.026401896929060864	176.01719647781073	0
628.5	169.25707337736233	0.047056662968373665	177.01766936085411	0.013548867932582268
629	169.5284734369908	0.08895317926912903	178.01814224389665	0.21607254411792834
629.5	170.17242837466316	0.15135239783656404	180.27658218446453	0.47079341632148924
630	170.91546210721611	0.21114891461021582	182.869571120102	0.6734272104274881
630.5	171.56849148793148	0.2571296708583695	184.9219971071912	0.7996267815739833
631	172.08133603129778	0.2835802597494913	186.13247792749473	0.8344153799111075
631.5	172.5941805746638	0.2828013160416591	187.3429587477984	0.7736644641911354
632	172.42075838621534	0.2555031601832677	185.93320487057744	0.6245836569161324
632.5	172.24185690244568	0.21000214351499366	184.50253049837374	0.4048651414880393
633	171.797964094345	0.1529023714872329	182.76121352843882	0.141978723263447
633.5	171.1723148175944	0.09089619713179757	180.806828067605	0.0060304945823962145
634	170.6064229380562	0.05144412496870978	179.30630540823933	0
634.5	170.11842352920482	0.029885354749874665	178.39738306294174	0
635	169.6753014340389	0.016147878525327716	177.58698545292833	0
