# Model:              Juling_22_11_17_MODEL_A1.mph
# Version:            COMSOL 5.3.0.260
# Date:               Nov 23 2017, 15:42
# Table:              Probe Table 1 - 
# Time (h)   <T>_icypatch (K)    Icy Patch<cosZ>          <T>_floor (K)          Floor Crater<cosZ>      
0.5	177.2267694900388	0.001769995139880413	177.41453136100023	0
1	173.9746816226536	0.0015064497770290125	174.13600790731988	0
1.5	171.4701678650377	0.006325671625549261	171.56437309873883	0
2	169.6394257233982	0.017742294785885883	169.61142265392232	0
2.5	168.46141977095138	0.03548578900060753	168.41824756951252	0.025020365071937913
3	167.82820569009783	0.06772794870681781	169.48018841615504	0.23914095354558101
3.5	167.770718866821	0.12261286185123224	172.39313504404564	0.4856935021292565
4	168.28895930112162	0.17562428165279234	177.15708745318508	0.674110976451817
4.5	168.63020160149773	0.21330077636772382	180.3340956187778	0.7819772132715002
5	169.08418396216064	0.23163443631715505	183.24749132053887	0.7964911734768573
5.5	169.71173654653754	0.22466018243869265	186.17510637366152	0.7159304110298261
6	168.9748419750581	0.1957450959873325	183.0522462372336	0.5498554844641856
6.5	168.22189321231613	0.15038470525147624	179.86241727235446	0.31797535640882485
7	167.43680598001106	0.0950149068202617	176.7192198659789	0.06761268756439885
7.5	166.25192665145298	0.04781946308247011	174.1561038629731	1.269148242611831E-4
8	165.06704732289455	0.025253712603769986	171.5929878599684	0
8.5	164.046540255089	0.012148258076784714	169.76725339899028	0
9	163.08519816286815	0.003964941652241094	168.20693574697412	0
9.5	162.23752334546145	0.0018042794188873011	166.84536653008732	0
10	161.56304514980621	0.0014919297165804076	165.7866334425887	0
10.5	160.9167222248686	0.005182285673670153	164.79865381953184	0
11	160.7348271620762	0.015463132487807268	164.9777693581735	0
11.5	160.5529320992834	0.03269345588709034	165.1568848968137	0.010408159590666998
12	160.74138230925652	0.06053028335428049	166.82682958654686	0.200159169316228
12.5	161.66611113276568	0.11430436076120333	171.4606722955234	0.45222016347186944
13	162.59083995627498	0.16858926253781764	176.0945150045003	0.6508606814016221
13.5	163.45594774614722	0.2089280801886809	179.72043888722263	0.7717091934941814
14	164.28328302043118	0.23032553761079558	182.70780239527835	0.8004239875004704
14.5	164.90215765880453	0.22740801202579086	184.78389414127975	0.7335973316594803
15	164.62283434811553	0.20121099750659055	182.93357347785889	0.5791598876901236
15.5	164.34351103742634	0.15771139033605347	181.08325281443624	0.35543953852231996
16	163.42254328005743	0.10362214142735464	177.95330294562302	0.0962794220013359
16.5	162.30400029646827	0.052523719047229474	174.42932951587528	0.0012626138599863956
17	161.2572469575151	0.027845262559455734	171.7399631711856	0
17.5	160.2618094358433	0.013817461994027483	169.64718070562407	0
18	159.37106539589786	0.004886498888906332	167.85164933878886	0
18.5	158.63622888360817	0.0018729844907268772	166.49877861454365	0
19	158.04589974342719	0.0015329293384898125	165.54993244381757	0
19.5	157.96695631761523	0.004132611307741939	166.03085682327443	0
20	157.88801289180424	0.013438127341527353	166.51178120273127	0
20.5	157.8090694659921	0.029929730370955747	166.99270558218785	0.0027706080415436114
21	157.73012604018007	0.05415231905292269	167.47362996164546	0.16236584180699634
21.5	158.61890951129016	0.1060135239505043	171.06833026625458	0.41754755489278783
22	159.66852711531905	0.16112401087272565	175.1805334455102	0.625889683517127
22.5	160.7181447193489	0.20413504096437016	179.2927366247662	0.7594032425934799
23	161.76776232337818	0.2283927602718853	183.4049398040213	0.8022434938419403
23.5	161.8020165479645	0.22957862600899132	182.7247922750779	0.7493263651010544
24	161.76094416012253	0.20622862969894948	181.68911533496276	0.6069318032258277
24.5	161.7198717722802	0.16493444316970754	180.65343839484794	0.3919585006112841
25	160.8672004614856	0.11217256341765099	177.85595205706656	0.13132243709913335
25.5	159.83179451158406	0.05793439266883239	174.66178751364652	0.004120952785995923
26	158.80457850125546	0.030797062896330052	171.53095440305052	0
26.5	157.95176504126607	0.015569753267657818	169.74874704285094	0
27	157.09895158127682	0.005954416188328415	167.9665396826507	0
27.5	156.3361124511398	0.0019686424330125443	166.36804099786087	0
28	155.81229287095232	0.001592547556153748	165.25757000931827	0
28.5	155.2884732907654	0.0032693194627058273	164.14709902077664	0
29	155.03606751841835	0.011605654375653602	163.9061759646107	0
29.5	155.0527912850614	0.02728114027061353	164.52748256445238	3.722168366497843E-4
30	155.06951505170326	0.04861470819119988	165.148789164295	0.12667131341540472
30.5	155.9507525130969	0.09769894663150551	169.02624341294168	0.3817666922606179
31	157.04221795563683	0.1534475763302422	173.69551085168803	0.5992635318630233
31.5	158.1103760663654	0.19894161922366368	178.1487001668423	0.7450916637867321
32	158.98334461489006	0.22588273429559133	180.79232180236113	0.8019449162828965
32.5	159.8563131634135	0.23118512580820397	183.43594343787865	0.763076222518774
33	159.94023743618712	0.2109282421721868	182.71167779970438	0.6330983295759061
33.5	159.65066263998844	0.1719314591160178	180.39320154522903	0.42743638011470675
34	159.1719333947103	0.12064370557990922	177.82102683924455	0.17068974616184537
34.5	158.12807512138	0.06417831349696013	174.4908876232087	0.010008847261389987
35	157.09339751209504	0.03390441290671511	171.24872939186994	0
35.5	156.1894461687697	0.017420399956447327	169.25935914502568	0
36	155.28549482544346	0.007098237780918825	167.26998889818086	0
36.5	154.60895492547377	0.00205810850198726	165.8898076519635	0
37	153.96328893178256	0.001647084875905528	164.5923313208251	0
37.5	153.81765407706635	0.0025814177058669204	164.83167136792753	0
38	153.89113449864973	0.010025217461309889	165.74444936537523	0
38.5	153.96461492023366	0.02466157245768991	166.65722736282225	1.1145493971912298E-5
39	154.03809534181764	0.044179314135720175	167.57000536027104	0.09434009419011533
39.5	154.44482698411522	0.08945144134175538	169.45929623959725	0.3449715006195114
40	155.54368245128364	0.145571583320622	173.37669021002097	0.5710521202955541
40.5	156.6425379184515	0.19331341467175417	177.29408418044358	0.7288120250801984
41	157.74139338562054	0.2231196034750973	181.2114781508668	0.7995290385917575
41.5	158.29268510282077	0.2321653668257189	182.6518109927446	0.7748108104294302
42	158.1515579735136	0.2152219917154522	180.9597892741566	0.6575907794040995
42.5	158.01043084420644	0.1787456974829481	179.2677675555677	0.4617800473215175
43	157.72790070308474	0.1289189594287631	177.36738069671517	0.210616477239997
43.5	156.7378454175249	0.07149832810981677	174.42441649760602	0.01935908600381116
44	155.74779013196544	0.037211930549699075	171.48145229849646	0
44.5	154.85572035025194	0.019344731615302955	169.15165612841946	0
45	154.06782399266766	0.008393778853278041	167.47375039767752	0
45.5	153.27992763508354	0.0022156630675873585	165.79584466693478	0
46	152.74499269838952	0.0016963981368544232	164.60654590072355	0
46.5	152.2721857370959	0.0019432567294342608	163.53725026134	0
47	151.86523431454785	0.008520506381156317	162.6858996740256	0
47.5	151.9368987131079	0.02204148241429443	163.41850014144265	0
48	152.00856311166814	0.04077772633338329	164.15110060885962	0.06487258378715637
48.5	152.58170650074373	0.08132456174866876	166.75240288294253	0.3072585676352071
49	153.7170718967073	0.13739890053836637	171.4487585887486	0.5413295039906645
49.5	154.85243729266998	0.18719966863909318	176.14511429455396	0.7106070606527651
50	155.8226840401925	0.21997106619393553	179.23764923196111	0.7950022024663674
50.5	156.75716086578828	0.23251677592120132	181.98274586236457	0.7844993254480087
51	157.192246692521	0.2189746097250562	182.5995565117644	0.6803448598381225
51.5	156.98496142868152	0.18515655760869873	180.47873394434427	0.4948993498367903
52	156.73514450989944	0.13690866177659655	178.28773137857618	0.25017056447870734
52.5	155.72280741294102	0.07983804052978379	174.83852089879846	0.032205135811645295
53	154.7104703159825	0.040713944263778244	171.38931041901884	0
53.5	153.8048188022504	0.02139949205341969	169.19692985722122	0
54	152.91014125134683	0.009708304597164897	167.13383016341982	0
54.5	152.20610072092774	0.0026879256095685886	165.61973550707677	0
55	151.56205310809122	0.0017403578913048833	164.27841114414758	0
55.5	151.30770697429207	0.001541441548167156	164.01141862165645	0
56	151.29780313649303	0.007220042860975979	164.41830637899486	0
56.5	151.28789929869407	0.019527663408833405	164.82519413633335	0
57	151.27799546089506	0.03769982245287364	165.2320818936703	0.040058029118723595
57.5	151.64261999430133	0.0734853131242761	166.87526298224068	0.2687268900516389
58	152.7946487550144	0.12898530655288407	171.1176132394168	0.5101737050485381
58.5	153.94667751572734	0.18073705074599936	175.35996349659527	0.6905245586783831
59	155.0987062764408	0.21637210378612226	179.60231375377222	0.7883762908869342
59.5	155.7855634388292	0.23223843064302901	181.6116602581567	0.7921163351468287
60	155.9249246907054	0.22225761168271246	180.99281444122207	0.7013008412389354
60.5	156.0642859425826	0.19132830241506663	180.37396862428722	0.5267073492324817
61	155.72466853116592	0.1446452459042796	178.55503320167827	0.28905576357278245
61.5	154.76480942391478	0.08852838899141866	175.18207111938494	0.05028338357134316
62	153.80495031666354	0.044630223851456895	171.80910903709082	0
62.5	152.93893996963843	0.023545304305900787	169.5028747820875	0
63	152.1104304374004	0.01101862537553908	167.62289189773324	0
63.5	151.28192090516154	0.0033519311534944266	165.74290901337847	0
64	150.76103701802793	0.0017788487445577908	164.57747096516258	0
64.5	150.24224426764778	0.0015033726934998157	163.4168901549333	0
65	149.85304849677163	0.006035850678338336	162.5609489777227	0
65.5	149.81071461762537	0.017175659535459582	162.52036537912812	0
66	149.76838073847853	0.03478133143965817	162.4797817805335	0.020833631354326834
66.5	150.34297647203616	0.06590123845535013	165.00524834489488	0.22959383876174413
67	151.4208002796825	0.12056151611134912	169.6238361583121	0.47766650768497737
67.5	152.49862408732858	0.17395208336353926	174.24242397172966	0.668617235881744
68	153.55573120608884	0.21226453484346197	177.73332327804545	0.7796686969231599
68.5	154.60858024068654	0.23137368879420708	180.99243879890793	0.7976418448158954
69	155.16875588299897	0.22538309115068492	182.11339698738982	0.7204037139915249
69.5	155.15003089881094	0.19711254413996945	180.72197955612137	0.557120549261495
70	155.04455483174328	0.15219160779914662	179.13413423853643	0.32717000057057094
70.5	154.0622242322915	0.09710473083589446	175.56085338876557	0.07399830120566693
71	153.07989363284008	0.04888639435734488	171.98757253899606	2.4062411831048065E-4
71.5	152.17581617136128	0.025873432108449078	169.50393664863515	0
72	151.30212686676495	0.01255128842976806	167.4434441980042	0
72.5	150.5228147252957	0.0041630722136088835	165.64971301961083	0
73	149.91835094930528	0.0018117696578224237	164.35019856566055	0
73.5	149.3138871733146	0.0014876526016794306	163.050684111711	0
74	149.57970464634457	0.00491336214243321	164.64331905155578	0
74.5	149.86254770273433	0.014961096904512014	166.29253401153395	0
75	150.1453907591237	0.03202922641297896	167.9417489715125	0.007990979415388712
75.5	150.4282338155129	0.05891721109854602	169.59096393149034	0.19087347647659678
76	150.90863302653716	0.11230888042144385	171.70919291155528	0.44389324354721565
76.5	152.01007308102152	0.1668093831407773	175.3018222370248	0.6449425991564703
77	153.1115131355054	0.20780152648922026	178.89445156249482	0.7689022780772787
77.5	154.21295318998938	0.22991265694748306	182.4870808879645	0.8010613499491097
78	154.32901445497995	0.2279866223602339	181.78034031375353	0.7376033329055494
78.5	154.05141501628032	0.20247304348307504	179.35599327370105	0.5860591150359676
79	153.77381557758014	0.15948477126207913	176.93164623364837	0.3644132253019702
79.5	153.37138303219464	0.10571798706473026	174.46612960307425	0.10440275038921275
80	152.4288751671163	0.05375491862811067	171.82249772444732	0.0017881597090027635
80.5	151.48636730203893	0.028522326458845282	169.17886584582143	0
81	150.67179727311253	0.014236140718929105	167.20279816487613	0
81.5	149.93771794118297	0.005139729617122398	165.6467212323969	0
82	149.21559649118782	0.001896809259248792	164.11188803749957	0
82.5	148.78123272347332	0.0015478904878072838	163.08826984903425	0
83	148.34686895575885	0.003908158201370924	162.0646516605701	0
83.5	148.16551187867145	0.012956829364445916	161.89030998588476	0
84	148.27411151400133	0.029270341973770337	162.68927627099632	0.0017026061071961811
84.5	148.38271114933056	0.052721170256418086	163.48824255610864	0.15340352070213675
85	149.40687285058434	0.10398685634445223	167.68045363151276	0.40894256771766857
85.5	150.57419272836208	0.1592787253250889	172.40323576785735	0.6195627946090649
86	151.69674275171113	0.20290901230617983	176.64151464433976	0.7561052962829421
86.5	152.69421606085234	0.2278288302831771	179.52620243728114	0.8023658743187727
87	153.691689369994	0.2300268359931374	182.41089023022133	0.7528545488468987
87.5	153.6607470240783	0.20741141578633343	180.90796037254168	0.613447082594499
88	153.5434275118513	0.16664632814049543	179.0365122239801	0.4006876740108697
88.5	152.9203443483853	0.1142462886946205	176.25718257923785	0.140660572237655
89	151.93318504177634	0.0593399055667254	172.8243105283689	0.005188782241916391
89.5	150.9779744594438	0.03154361523195683	169.7367946311853	0
90	150.12372887227056	0.01601825065378181	167.7406801333829	0
90.5	149.26948328509727	0.006228006621972715	165.74456563558	0
91	148.6576135178923	0.0019909835719680653	164.39937279584882	0
91.5	148.072884256198	0.0016062867130802506	163.12706817924754	0
92	147.99584977294793	0.003101341523352011	163.5581180836733	0
92.5	148.32059857752182	0.01121661099443262	165.337181418305	0
93	148.64534738209625	0.026650654334738	167.1162447529374	2.4982935415281934E-4
93.5	148.97009618667022	0.0474116056815095	168.89530808756965	0.1185419508474526
94	149.29484499124422	0.09569163657847454	170.67437142220214	0.37290622599364165
94.5	150.3104177144232	0.15155921054852406	174.03946217117326	0.5925444444248862
95	151.42370526121323	0.19761860586778057	177.6288914018604	0.7413113437174117
95.5	152.53699280800222	0.22524063392863833	181.2183206325486	0.8015519935382163
96	153.0695107515754	0.23148132815658562	182.26917710417138	0.7661173272544898
96.5	152.83847672565636	0.21201936607396388	179.98251002231166	0.6392125583081057
97	152.6074426997374	0.1736198131606145	177.69584294045333	0.4358981259858128
97.5	152.3764086738181	0.12268587327161322	175.40917585859418	0.18041282586079682
98	151.4389708981213	0.06588126920596067	172.6605608523172	0.01202003923406889
98.5	150.49291902327755	0.034695359404515194	169.90631271453043	0
99	149.63095986018888	0.017871438261794093	167.62750741834213	0
99.5	148.88689453735697	0.007390624635262885	166.01524957019075	0
100	148.14282921452582	0.00207890736571194	164.40299172203964	0
100.5	147.6515706045426	0.0016595659750467178	163.2631451351032	0
101	147.2067896863207	0.0024246601626715164	162.21014982175527	0
101.5	146.9049910600962	0.009646287142387942	161.6081232231846	0
102	146.9838021528001	0.02401458790825177	162.20654650815078	0
102.5	147.06261324550414	0.043283293154928515	162.80496979311772	0.08681423086962647
103	147.84966040910885	0.08746166400878884	166.09724466862158	0.3358788140539102
103.5	149.00945613523126	0.14360216192616831	170.80730854028894	0.563958471984413
104	150.16424487069068	0.19186628723991622	175.4529443494195	0.7245592546218225
104.5	151.18971144118444	0.22238858631913355	178.43451144063528	0.7986218440508467
105	152.21517801167784	0.23230878400485566	181.41607853185099	0.7773568532313005
105.5	152.4831486645728	0.21618888512093176	181.15872960595655	0.6632879076016087
106	152.39655023059862	0.18034158870306397	179.38530717002376	0.46995215351508424
106.5	152.02219774960105	0.1308812925933532	177.0151952007251	0.2202937357075744
107	151.0503358525836	0.07345614848456292	173.40608201383696	0.022139239939231618
107.5	150.09563264739955	0.038037037642798824	170.09385433313034	0
108	149.2076567253992	0.01984727014788645	167.93616473932516	0
108.5	148.33987389149013	0.008716011170081653	165.8425352828303	0
109	147.69215871559032	0.002296038576946745	164.44704393801788	0
109.5	147.04444353968972	0.001707588415227479	163.05155259320532	0
110	146.9476539786343	0.0017964710750649174	162.93432150656847	0
110.5	146.87170809065725	0.008194246967086833	162.8654520103386	0
111	146.79576220267936	0.021416068821994944	162.79658251410854	0
111.5	146.7198163147022	0.040033015563324545	162.72771301787876	0.05831446718862035
112	147.47523420615283	0.07940253073535045	165.9905915129096	0.29795752914429235
112.5	148.5498966459223	0.13536444034343212	170.5328646711456	0.533879915688799
113	149.617899958655	0.18563935005850757	174.9400017173161	0.7058930033610384
113.5	150.6106393342392	0.21915008890378113	177.8197800288076	0.7935831175219833
114	151.60337870982286	0.23250703145987706	180.69955834029915	0.786543622933774
114.5	152.04776470371257	0.21979805214344894	181.24352700134676	0.6856099324948866
115	151.7943241336542	0.1866843606430152	178.81497816397857	0.5027603645101562
115.5	151.5408835635964	0.13880323654702248	176.38642932661074	0.25969461427162227
116	150.7075235505521	0.08195930605611146	173.44773848185486	0.036114425450217105
116.5	149.72806721457167	0.04164076617815657	170.3805300087336	0
117	148.82338764604668	0.021914111377647982	167.87047038836695	0
117.5	148.0129230016235	0.010023801676752356	166.06238998776823	0
118	147.22613177379483	0.0028324029678431506	164.30886321245626	0
118.5	146.69028193193424	0.0017502279743415788	163.13361217038266	0
119	146.15443209007364	0.0015122566161794113	161.95836112830798	0
119.5	145.95707399028342	0.006933819300275719	161.37319174963218	0
120	145.88495976507005	0.018949837294733225	161.00635595093777	0
120.5	145.812845539856	0.03697770982634788	160.63952015224407	0.03491412188926666
121	146.72768247273206	0.07161076950384251	164.563739675757	0.25924284557320065
121.5	147.79613813547599	0.12691647882289506	169.15586101283634	0.5023877319834733
122	148.8646075251062	0.1791173510461635	173.74710777487226	0.6853615889905508
122.5	149.952557551823	0.2154146043222035	177.09719331327167	0.7864490406481468
123	151.0405075785402	0.23207555012053	180.44727885167183	0.7936535210196083
123.5	151.46838816519187	0.22304416731363122	180.91567914189477	0.706120037498059
124	151.4940589741156	0.19277844091332222	179.62813996150663	0.5342366371606707
124.5	151.28068402669965	0.146497726766248	177.78280817662375	0.2984016039858487
125	150.3187164809602	0.09061030249372891	174.1907002869556	0.055508315000710996
125.5	149.35674893522057	0.04564721305712981	170.5985923972867	2.03215732029881E-5
126	148.4808824640369	0.024077140162126486	168.3211637567804	0
126.5	147.61871858308086	0.011363067443335761	166.25296027549365	0
127	146.886296395845	0.0035454802429333203	164.55549730749524	0
127.5	146.29254250145195	0.0017873727232129845	163.25428285908694	0
128	145.7919499371889	0.001500002846455113	162.2616710763186	0
128.5	146.09364973293526	0.005746918685502113	163.92670233683006	0
129	146.39534952868158	0.016606156046250434	165.5917335973423	0
129.5	146.69704932442804	0.034093517963085164	167.2567648578544	0.017155037618167186
130	146.99874912017503	0.06413602599432174	168.92179611836693	0.22006462611504496
130.5	147.58515129062306	0.11854356030699503	171.25753390121406	0.46956458809688867
131	148.71118716223782	0.1722574310964566	174.8645496051622	0.6630189066336035
131.5	149.83722303385264	0.21122775699290458	178.47156530911073	0.7772383404369204
132	150.963258905467	0.23107585764610153	182.0785810130592	0.7986678839507481
132.5	150.94483682576805	0.22606985216330208	180.69821049465477	0.7247643834251444
133	150.6930948888364	0.19844831749736014	178.30106496933	0.5642983460048308
133.5	150.44135295190466	0.1539840271076507	175.90391944400616	0.3363130986996362
134	149.9750214699426	0.09920568204564098	173.42210341406647	0.0806780336686843
134.5	149.0440657845494	0.05001982648431877	170.75696081174	4.4349631133027995E-4
135	148.11311009915576	0.026504720875056894	168.09181820941274	0
135.5	147.33466538911412	0.012954069331804485	166.24773174038674	0
136	146.60732423176168	0.004363194674092421	164.67876570300527	0
136.5	145.93427718721145	0.0018215377833292596	163.2077546380436	0
137	145.50509459040265	0.0015003905536339784	162.1767127340105	0
137.5	145.0759119935946	0.004646470789959156	161.14567082997803	0
138	144.97539482965075	0.014459921022347385	161.18672108921928	0
138.5	145.08047285675087	0.031359762687704074	161.89841380454234	0.006058453471695036
139	145.20444185102951	0.05732622783918446	162.68084606684695	0.18162662231332133
139.5	146.38251312298578	0.11029517311250629	167.41049378359273	0.43549664503837027
140	147.56058439494268	0.16500267155775505	172.14014150033904	0.6389236060060715
140.5	148.6791014089889	0.20664873411578388	176.1339501557127	0.7659751950483629
141	149.7153881789177	0.22946291962525045	179.11174034705473	0.801573548985297
141.5	150.66060334943552	0.22852867384841716	181.7005520670043	0.741494028722327
142	150.58921388161582	0.203703483372664	179.94731510454332	0.5928665788218853
142.5	150.51782441379626	0.16125009327012152	178.19407814208307	0.37332958044297027
143	149.77647899120885	0.1078046797584586	175.15860241402044	0.11275480516154994
143.5	148.80509930522408	0.05504979585442738	171.68286065377498	0.002381948683419823
144	147.88329724487895	0.029232835165505722	168.79884588932882	0
144.5	147.03385316580267	0.01466170868766608	166.7784499514478	0
145	146.20279053072807	0.005397968186142485	164.80860238708655	0
145.5	145.62062127775897	0.0019202787551071514	163.5232035332697	0
146	145.03845202478985	0.0015625578896678177	162.23780467945227	0
146.5	145.1084759077544	0.0037008714801915477	163.1196086276431	0
147	145.41855031140736	0.012502420300590787	164.79908757790813	0
147.5	145.728624715061	0.02862219373917015	166.47856652817282	0.0010368480737697847
148	146.03869911871408	0.051357834285809756	168.15804547843854	0.14458878582882903
148.5	146.3946392936172	0.10196388476461164	169.94659031191145	0.4002733314247861
149	147.53368511791987	0.15741989450273386	173.59731050996518	0.6131389374604866
149.5	148.67273094222196	0.2016624370479698	177.24803070801778	0.7526891703271859
150	149.81177676652555	0.22722836735080257	180.89875090607143	0.8023628887298133
150.5	150.17655607392527	0.23043816425915928	181.1620460803271	0.7562650579398805
151	149.96109483182	0.20856583407097995	178.88678209658153	0.619866343777323
151.5	149.74563358971446	0.16834447545092737	176.61151811283605	0.40935388066184514
152	149.46712216599778	0.11631054798613207	174.2961267910863	0.15019904925412994
152.5	148.53449845179517	0.0608324408016898	171.56443555865368	0.006472074342136263
153	147.60187473759322	0.03228918453754015	168.83274432622136	0
153.5	146.77217155655566	0.016463980655684014	166.68581045490743	0
154	146.03843841796632	0.0065004476356678815	165.08414376248535	0
154.5	145.30470527937766	0.0020129548086067067	163.482477070064	0
155	144.8534233195926	0.0016197230508984836	162.40577222078207	0
155.5	144.4179395924487	0.0029327855319786797	161.35842985942193	0
156	144.17978316257717	0.010834818236037465	160.93267090674618	0
156.5	144.2682878929646	0.026015787715627577	161.5358986187974	1.4967716037406879E-4
157	144.35679262335213	0.046302529889771925	162.13912633084897	0.11058953536058279
157.5	145.2788888661113	0.09367274231083049	165.90679088452396	0.36398710872978113
158	146.4523120099185	0.1496599619794782	170.62852957782331	0.5857325859533635
158.5	147.60594584436333	0.19626753010848594	175.07862053394126	0.7374151421921544
159	148.6557651126499	0.22458505815321972	178.1036495301923	0.8010338311613019
159.5	149.70558438093659	0.23174042283652352	181.12867852644465	0.7690386970106399
160	149.8555797368945	0.21307782314646354	180.3061866442185	0.6452267662770628
160.5	149.79817506398754	0.17529182634538062	178.59688131957927	0.44429143528655063
161	149.31730800143742	0.12470804208853863	176.0631928654845	0.19011514330075263
161.5	148.34975345836338	0.06761740437244813	172.58203668326564	0.014263479579509098
162	147.3963637698761	0.035499461099046135	169.27294710566	0
162.5	146.5490045242799	0.018329280345830302	167.2518550985647	0
163	145.70164527868542	0.0077086096606126895	165.23076309146958	0
163.5	145.0605191067739	0.0021167625647640553	163.77716852790292	0
164	144.48084530639895	0.0016717359783308225	162.4926742115585	0
164.5	144.2833922337234	0.002270374268242918	162.48068430023017	0
165	144.60728649726795	0.0092657010905449	164.20438461657358	0
165.5	144.9311807608116	0.0233844210356584	165.92808493291713	0
166	145.2550750243558	0.042411767049070175	167.65178524926168	0.07956659072715495
166.5	145.57896928790043	0.0854808751616659	169.37548556560492	0.3267332285716163
167	146.49676754647984	0.14162615151936947	172.48556603018613	0.5567764933716965
167.5	147.6362660872656	0.1903954180716121	176.11317268195953	0.720193205086537
168	148.77576462805138	0.22163789751196536	179.74077933373303	0.797589865066271
168.5	149.55915703477217	0.23241496497314873	181.81280693064633	0.7797814150321793
169	149.3466683798059	0.21712110438645915	179.5345255255529	0.6688812750137437
169.5	149.13417972484015	0.18191036813386968	177.25624412045954	0.47805053296304695
170	148.9216910698744	0.1328364004525942	174.9779627153665	0.22993605100005687
170.5	148.1339265845666	0.07544123553222495	172.32572661065512	0.02512553625992962
171	147.2010938446287	0.03887692301643235	169.5791897327772	0
171.5	146.31405060856866	0.020346411619591553	167.09547481126242	0
172	145.57913917120555	0.009036682399922131	165.48496386821785	0
172.5	144.84422773384318	0.0024090076448629247	163.87445292517387	0
173	144.30723707137017	0.0017184601376236922	162.63421789067405	0
173.5	143.8703579791343	0.0016736849969563306	161.5812744765005	0
174	143.48391787935458	0.00787138564778498	160.68536263078553	0
174.5	143.56793533932827	0.020791554641332116	161.25412493703982	0
175	143.65195279930103	0.039281770286271785	161.82288724329393	0.05212242045341946
175.5	144.26663614702906	0.07748084416152008	164.41386668397064	0.2886094826769623
176	145.43967912917577	0.13332008401128884	169.13259627016706	0.526346669684894
176.5	146.61272211132248	0.18406935473174316	173.85132585636254	0.7010685667298784
177	147.68425468950292	0.2182940159690533	177.1021116265629	0.7920400308826452
177.5	148.74164780462743	0.23246001999065347	180.1484263618458	0.7884650122856914
178	149.2139489845068	0.22059673368124544	180.6919648979273	0.6907677767170125
178.5	149.16561674613996	0.18819786339326938	179.00845354799955	0.510542555795977
179	148.9517698585904	0.1406883188175584	176.99881437718167	0.269177600099412
179.5	147.986744306307	0.08408562755054871	173.50906294900264	0.040295953641649125
180	147.02171875402328	0.04257947223226921	170.0193115208248	0
180.5	146.15492791254627	0.02243469533843923	167.7475448359305	0
181	145.30797792773524	0.010337534508651155	165.721779391473	0
181.5	144.59026829851695	0.0029816406196444237	164.05308849462276	0
182	144.01069002885149	0.001759772877493609	162.76603685043804	0
182.5	143.55279503035314	0.0015095248142515858	161.88353260051667	0
183	143.87603289009076	0.006646392235065173	163.59797745742287	0
183.5	144.19927074982925	0.018379284819756966	165.31242231432907	0
184	144.52250860956718	0.03627165184936129	167.02686717123473	0.030051222434214323
184.5	144.84574646930497	0.06976238414313103	168.74131202814024	0.2497354205489191
185	145.52774664264652	0.12487909068481164	171.29491950659292	0.4945229934180439
185.5	146.67082705737351	0.1774688962973052	174.92701625059263	0.6800914294473968
186	147.81390747210085	0.21442781794298485	178.55911299459228	0.7843988969685486
186.5	148.95698788682756	0.23188061357445872	182.1912097385909	0.7950666942605018
187	148.7881681980489	0.2238152761206041	180.09377184914723	0.7108288191487768
187.5	148.57776800191903	0.19419758343306417	177.81473708635326	0.5416822119713888
188	148.36736780578937	0.14835000659335465	175.53570232355816	0.30770036743700535
188.5	147.79588600490592	0.09269518906341633	173.02330321871764	0.0610632046280725
189	146.86470451372642	0.046665041704044764	170.27843289281577	5.291529740388126E-5
189.5	145.93352302254837	0.024626408893631175	167.53356256691407	0
190	145.18671021496647	0.011728287506484712	165.8487798786497	0
190.5	144.45287782895576	0.0037438999563022502	164.2386323408444	0
191	143.82851167590846	0.0017955657516754416	162.83321407096307	0
191.5	143.39255180660757	0.0014963407593889878	161.78016273195544	0
192	142.95659193730603	0.005480000711844186	160.72711139294776	0
192.5	142.93767897511316	0.016042567026161428	160.97070571401852	0
193	143.0225322929691	0.033425224224914674	161.53692105060435	0.013759028259711764
193.5	143.31742003405725	0.06237756706693464	162.90335587826902	0.21060033476246137
194	144.492437166161	0.11652129850790353	167.62303481956158	0.4613890019701531
194.5	145.66745429826503	0.17053510030801372	172.34271376085334	0.6573168583884683
195	146.77632315627176	0.21015714001342287	176.08890867105677	0.7746865213602406
195.5	147.83818223373996	0.2307409891398768	179.14327493895644	0.7995691314898052
196	148.63788748777503	0.2267223435117747	181.07628377468527	0.7290117419158105
196.5	148.5949047389727	0.1997721196799864	179.4047125107881	0.5713877596483374
197	148.5519219901692	0.15575184336553421	177.73314124689114	0.34540323044740234
197.5	147.68996835798438	0.10129544235006063	174.4383779258843	0.08775574710242282
198	146.72678240842174	0.05118790400376872	170.94297316960294	7.564767802234923E-4
198.5	145.8268036610904	0.027133755520224602	168.24316681308875	0
199	144.98008551038103	0.013357136463862667	166.21375946091223	0
199.5	144.18552889128534	0.0046044020820508	164.32897192812726	0
200	143.60574039839355	0.0018461003512967196	163.03963714877005	0
200.5	143.0259519055023	0.001515964148985574	161.7503023694132	0
201	143.20926944519613	0.004393018277647305	162.99341654270066	0
201.5	143.5292375648294	0.013975659093612	164.69002027480593	0
202	143.8492056844645	0.03068516871013694	166.38662400690998	0.0043743771351435045
202.5	144.1691738040977	0.05579483966928301	168.08322773901614	0.17243880202508532
203	144.61614665991678	0.10826355165684175	170.07866318000166	0.42703167232781086
203.5	145.76324421885906	0.16316940845513708	173.72143452159392	0.6328046369801703
204	146.9103417778004	0.2054757079959995	177.36420586318755	0.7629283991196374
204.5	148.05743933674248	0.2289763955092314	181.00697720478016	0.8019605050406865
205	148.28514055504783	0.22903744345954452	180.63370886453168	0.7452688147036797
205.5	148.0771995141901	0.20490561955341455	178.35749995060985	0.599581221531948
206	147.86925847333228	0.16300114214583836	176.0812910366883	0.38218721882042916
206.5	147.51452040108666	0.10987439593270971	173.7103813422835	0.12134578904017694
207	146.58505886058813	0.05640230065081768	170.9687096475092	0.0031354368065691315
207.5	145.65559732009004	0.02996147217211034	168.2270379527342	0
208	144.8514360132479	0.015087110957843194	166.20680879770916	0
208.5	144.11874031799925	0.0056590260486290974	164.59805798416656	0
209	143.40692724735877	0.0019433893323970578	163.028330818696	0
209.5	142.97194961248087	0.0015769292655413221	161.9759298428932	0
210	142.53697197760334	0.0034929030517334056	160.92352886709162	0
210.5	142.36428014785147	0.01207233758369352	160.6862731855459	0
211	142.4502422654858	0.02798033805108797	161.2528755242638	5.944176751017606E-4
211.5	142.53620438311935	0.05004352008362342	161.81947786298272	0.13595999936253986
212	143.6006637771822	0.09992997713975577	166.1123465461106	0.39154119274997656
212.5	144.7776062326802	0.15554683147083945	170.83356782279523	0.6066191099953568
213	145.9222319920824	0.20038400233845144	175.0728159753833	0.7491553954095418
213.5	146.98785604185096	0.2265964216277335	178.13382794044466	0.8022345375388569
214	148.05348009161878	0.23081254690863615	181.19483990550572	0.759557362569219
214.5	148.0764157042039	0.20970357090071515	179.7959284786331	0.6261885895643297
215	148.03794007898975	0.17005392498434294	178.1343408714021	0.41795577429903036
215.5	147.44700379834273	0.1183694340598147	175.37247775934017	0.15989564603323259
216	146.48537429373806	0.06238349419573476	171.8723454689843	0.008008502249905826
216.5	145.55279678135855	0.033052304908982505	168.74281852679556	0
217	144.7062158316109	0.016915741426706144	166.71031741984177	0
217.5	143.85963488186306	0.006784002466831544	164.67781631288656	0
218	143.25467473611664	0.002034552729772979	163.31730465464412	0
218.5	142.67460995875948	0.0016328544823199108	162.02603134261483	0
219	142.59737990648634	0.0027643914750307692	162.40061583481187	0
219.5	142.91417742081592	0.010451756791751837	164.08058729445892	0
220	143.23097493514513	0.02537663903761348	165.76055875410592	7.202602047046693E-5
220.5	143.54777244947493	0.045277228159907305	167.44053021375294	0.10284109586738678
221	143.86456996380414	0.09165903023761231	169.12050167339936	0.35501072602300765
221.5	144.90583420806624	0.14773659080717808	172.51463065851345	0.5788290146470805
222	146.0565018805427	0.19488556423828957	176.16761861124556	0.7334036644723649
222.5	147.20716955301913	0.22390300243518466	179.8206065639787	0.8003905096468861
223	147.83233276147877	0.23196236959855646	181.17765472488466	0.7718398779625675
223.5	147.6265253579144	0.21410718137879325	178.90417522214273	0.6511400191963899
224	147.42071795434987	0.1769421668822341	176.63069571940025	0.4526150041453922
224.5	147.21491055078496	0.12671400392528148	174.35721621665738	0.1998297624818232
225	146.3548206857205	0.06940396620776533	171.66238270207364	0.016604148208673956
225.5	145.4268539625382	0.03630619649395932	168.92383689476924	0
226	144.56549889385803	0.01879629213270196	166.56927862193794	0
226.5	143.83376490189494	0.008033972933281638	164.96193009846814	0
227	143.1020309099321	0.0021595675255102714	163.35458157499843	0
227.5	142.60028767156373	0.0016835929951900034	162.17668075548366	0
228	142.16612373776505	0.0021156522805153783	161.12496664882093	0
228.5	141.83946909782213	0.008893575763421554	160.40724331931952	0
229	141.92633499895578	0.022750384996377007	160.97417215273893	0
229.5	142.01320090008934	0.04159737814233815	161.54110098615928	0.07251129515809994
230	142.75637693923176	0.08350865329206539	164.60638609726084	0.3175361649076634
230.5	143.93496147449275	0.13963364918591223	169.32912777749885	0.5495073001529084
231	145.1135460097547	0.18889846955654827	174.05186945773687	0.7157145547250016
231.5	146.18299308579154	0.22085927506313238	177.12591351384205	0.7964332619523976
232	147.25200219115357	0.23248389323575125	180.19334131538704	0.7820841191847933
232.5	147.60233079538088	0.218018504695005	180.186759273357	0.6743700127302699
233	147.56797154951948	0.18345228038772093	178.534753101947	0.48607392761020546
233.5	147.2496336577349	0.13477753240043042	176.31456656464078	0.2395419252171494
234	146.28935695887762	0.07748994799714219	172.809998150309	0.028291291009026234
234.5	145.32908026001985	0.039725533841847294	169.30542973597719	0
235	144.47821191089034	0.020842473857281718	167.21428234620947	0
235.5	143.63165961841963	0.00935574272763434	165.1788930886159	0
236	142.94941480218773	0.0025301748007741922	163.60181037058948	0
236.5	142.36899211198963	0.00172901161515865	162.30874239919964	0
237	142.03243443478823	0.0015958587511726383	161.82225840677577	0
237.5	142.34612590339012	0.007548950819512221	163.48647465993008	0
238	142.65981737199135	0.020185707805565986	165.1506909130832	0
238.5	142.97350884059244	0.03853215856056033	166.81490716623742	0.04623439359039237
239	143.2872003091941	0.07556901070851745	168.4791234193912	0.27921588041986367
239.5	144.0910737260714	0.13127733672349676	171.30927890245854	0.5187309362426132
240	145.24492124276537	0.182502686140187	174.97187738727925	0.6961345002188081
240.5	146.39876875945845	0.21740298037771594	178.63447587210072	0.7903731822615331
241	147.42232260492918	0.23237574881659767	181.72769876949965	0.7902631950225901
241.5	147.21831144205518	0.22138191394304443	179.4565356521014	0.6958175912513003
242	147.0143002791819	0.1896831730812718	177.18537253470322	0.5182447147577858
242.5	146.8102891163084	0.14257212394620955	174.91420941730578	0.27861804881306546
243	146.16657632530257	0.08619802056478901	172.36057977617804	0.044812856204834946
243.5	145.23992906574458	0.04353107619100761	169.62519161822607	0
244	144.32150721410719	0.0229514628313621	166.93726276884973	0
244.5	143.59061534247957	0.01065055905458065	165.33135237680733	0
245	142.85972347085288	0.0031412564855307175	163.7254419847653	0
245.5	142.2702802495264	0.0017689911179933281	162.38343090911056	0
246	141.83681893065176	0.0015067735821732804	161.33243369140447	0
246.5	141.4033576117768	0.006357806316143246	160.28143647369944	0
247	141.44365171916778	0.017805671383272912	160.70179632759547	0
247.5	141.53130554263956	0.035564699413794906	161.26924273565461	0.02550903211789042
248	141.95251819575103	0.06793092514509218	163.105982465567	0.24020253763783203
248.5	143.13253105044478	0.12284018012017298	167.8301889416861	0.4865807111121196
249	144.3125439051388	0.17580954068164276	172.55439541780544	0.6747148987499594
249.5	145.4168292656985	0.21341538268208102	176.1205204400807	0.7822261783308557
250	146.4889058180344	0.2316611173363051	179.1940842878386	0.7963556353379412
250.5	147.16601349292682	0.2245776327331044	180.5782314676708	0.715426454698186
251	147.13546687657615	0.19559121124969767	178.93549976405748	0.5490429170203398
251.5	147.0911570247031	0.15018258065230525	177.26510723141516	0.31695060939554875
252	146.1320734890791	0.09478253961855418	173.75623722559826	0.0669301037651627
252.5	145.17298995345405	0.047703358658931265	170.24736721978167	1.1553563339297132E-4
253	144.28941746487342	0.025186276526204948	167.72596941360163	0
253.5	143.44279584656672	0.012103905115372042	165.68778510499624	0
254	142.6833567153081	0.003942879319799025	163.89346861247873	0
254.5	142.1024942855992	0.0018034265571865412	162.59866884270656	0
255	141.52163185589112	0.0014923870011939722	161.30386907293402	0
255.5	141.8184521968827	0.005212109614245649	162.90741303003767	0
256	142.12894159910255	0.015520991886597956	164.55609589061027	0
256.5	142.4394310013224	0.03276693156988852	166.20477875118146	0.010715445181422664
257	142.74992040354206	0.060709270973187256	167.85346161175423	0.20119471070880773
257.5	143.31250712446428	0.11452494218423415	170.10485457239523	0.4531410193537299
258	144.4692645525851	0.16878535855633192	173.77678103270557	0.651511976939776
258.5	145.62602198070658	0.2090528502216587	177.44870749301592	0.7720136361093856
259	146.78277940882722	0.230369135296193	181.1206339533268	0.8003454474273818
259.5	146.84623093240498	0.227341469119461	180.01382206795765	0.7331451296510741
260	146.6437673334925	0.20106890055893417	177.74471993311545	0.5783876888761507
260.5	146.44130373457975	0.15751455364504535	175.4756177982723	0.35443898369339155
261	146.01411493245112	0.10338903788475017	173.0626082535821	0.09540149661641831
261.5	145.08866993798392	0.05238867110306699	170.3305300995241	0.0012073511579282466
262	144.16322494351746	0.027773517993712558	167.59845194546648	0
262.5	143.38318516972407	0.013771561786613103	165.70580797232648	0
263	142.6530825969438	0.004858304142096588	164.10145484070264	0
263.5	141.9758692022668	0.0018703155240538147	162.5956809917076	0
264	141.54308032675243	0.0015312489565264026	161.54548604599051	0
264.5	141.11029145123806	0.004157931519513958	160.49529110027353	0
265	140.9962413163192	0.013492007670853463	160.43514214135007	0
265.5	141.08476176436193	0.030005549276114617	161.0042050326349	0.0029137386051824735
266	141.1831448319027	0.054314981169135856	161.61078015709882	0.1633656483056588
266.5	142.36451869076197	0.10623944892176004	166.3364843934398	0.4184996404197629
267	143.54589254962195	0.16132744664903592	171.06218862978247	0.6265866426394184
267.5	144.68389991254776	0.20427050625524262	175.11815069724577	0.7597623636002868
268	145.75862515116637	0.2284531601792626	178.1967982210166	0.8022221580029854
268.5	146.7623010347352	0.22952655121966137	180.9715451839861	0.7489271044496838
269	146.73504570366703	0.206095161707493	179.33667331148084	0.6062020000696755
269.5	146.70779037259803	0.16474258575589806	177.70180143897517	0.39098476443092617
270	146.00820447997924	0.11194101079741811	174.71057732164013	0.13030000482296888
270.5	145.0501543481629	0.05778078279792225	171.1979303044802	0.004018233729722713
271	144.1344258216391	0.03071378981337051	168.2448701420335	0
271.5	143.28770048997086	0.015519752420953412	166.20418748767216	0
272	142.45106312073872	0.00592394814391792	164.19179464562606	0
272.5	141.86975560145265	0.001966137400970397	162.89542682644526	0
273	141.28844808216775	0.0015910023828843729	161.5990590072652	0
273.5	141.3256050301706	0.0032880980954803937	162.34203442407846	0
274	141.63308436969913	0.011650852814224635	163.97637898148645	0
274.5	141.94056370922817	0.027350919589749844	165.61072353889492	3.8702839950262795E-4
275	142.2480430487566	0.04875207589727342	167.24506809630284	0.1275827209333254
275.5	142.5653546920388	0.09792165318414833	168.90302863956734	0.3827475082007518
276	143.72474419474997	0.15365888231892438	172.58355676399307	0.600004325046281
276.5	144.8841336974608	0.1990866566108123	176.26408488841932	0.745504520489696
277	146.04352320017222	0.22595400709304633	179.94461301284537	0.8019808406848229
277.5	146.505811268497	0.23114992578251978	180.5775812999262	0.7627309512867837
278	146.3046737044434	0.21080765158195844	178.3102122579334	0.6324128378165387
278.5	146.10353614038962	0.17174329090491497	176.04284321593994	0.42649201864801217
279	145.892844172066	0.12041557731106023	173.76937638266165	0.1696114539156024
279.5	144.96846597840343	0.0639932816878684	171.04042226597548	0.009798078851438347
280	144.04408778474104	0.03381758736955962	168.31146814929082	0
280.5	143.20682027654317	0.017370098675954387	166.08567300501048	0
281	142.4773923342329	0.007066884982983179	164.48276866759014	0
281.5	141.74796439192238	0.002055773980304656	162.8798643301709	0
282	141.28019990673644	0.0016456789674221045	161.76424488281643	0
282.5	140.84796132630598	0.002599742917441689	160.71478383902104	0
283	140.57949661283348	0.010067216064775116	160.17400345299166	0
283.5	140.66868922437766	0.024733307590226832	160.74410459357318	1.3246306458664784E-5
284	140.75788183592212	0.04428563661669134	161.31420573415627	0.09518843790360254
284.5	141.62656033603477	0.08967211957154217	164.84796836425423	0.3459784723232948
285	142.8090963860502	0.14578939582066858	169.57504000415287	0.5718348029519039
285.5	143.9798553300683	0.1934723567340078	174.11839712835624	0.7292775337272449
286	145.0570414481801	0.22319862392745768	177.2020844153708	0.799622128932732
286.5	146.13422756629245	0.23214713396402306	180.28577170238486	0.7745204349565065
287	146.36254072621438	0.21511242520859478	179.73851727782537	0.6569513984627509
287.5	146.33837808736783	0.17856693833429474	178.11133104478202	0.46086753952471965
288	145.91329961456995	0.12869962213633612	175.67236695073154	0.20953913456437145
288.5	144.9561777128977	0.07128241801252055	172.15611670313191	0.019071898844767537
289	144.00883420189942	0.037121699874539386	168.77052793305432	0
289.5	143.16196316931175	0.019288687691574304	166.7274793536162	0
290	142.31509213672433	0.008357881071265751	164.68443077417896	0
290.5	141.66642463271708	0.0022090105624435106	163.1985415431398	0
291	141.0846522685336	0.0016951351836777045	161.900697665188	0
291.5	140.8633031345925	0.0019605182350139823	161.78968746212763	0
292	141.16790441977062	0.008556667839520752	163.41057358637528	0
292.5	141.472505704949	0.022112578285712416	165.0314597106241	0
293	141.77710699012727	0.04086006357464101	166.65234583487285	0.06562227779392514
293.5	142.08170827530583	0.08154007813911929	168.27323195912098	0.3082890517940246
294	143.00738855356943	0.13762358704309705	171.39223183715498	0.5421520215720123
294.5	144.16916920165568	0.187371222735452	175.08073288209758	0.7111239992800535
295	145.33094984974193	0.22006011390230934	178.76923392704057	0.7951522143835141
295.5	146.1930607325724	0.23251555808489763	181.1474207028793	0.7842646079720248
296	145.99304217753607	0.2188809466385332	178.88141737536756	0.6797532680947607
296.5	145.7930236224997	0.18498495720580288	176.61541404785604	0.4940210910499868
297	145.59300506746348	0.1366967765154739	174.34941072034422	0.2491098661195787
297.5	144.8753626038285	0.07960291693360047	171.75433855420533	0.03179546610888954
298	143.9519482457762	0.040611011884563536	169.02845110462948	0
298.5	143.05758244018122	0.02134399093905726	166.47041179997342	0
299	142.32876309368362	0.009673142588302484	164.86893190040422	0
299.5	141.59994374718667	0.0026721792599379724	163.26745200083482	0
300	141.0443189081749	0.0017392412086968405	161.98822233465532	0
300.5	140.61257080806698	0.0015448037592479759	160.93948097092442	0
301	140.18955166654038	0.007251769255140838	159.9178523208306	0
301.5	140.2793618586217	0.019593146061364416	160.48910496770344	0
302	140.36917205070307	0.037782162911014175	161.0603576145758	0.040653021172683934
302.5	140.9148471848887	0.07369293006460663	163.36421583769348	0.2697781816365401
303	142.09843469129913	0.12921567741373577	168.09258718123093	0.5110338984397994
303.5	143.2820221977092	0.18091523140316443	172.82095852476877	0.6910915703179789
304	144.3805282213456	0.21647712054906323	176.20972213944123	0.7885828305977879
304.5	145.45995444937554	0.23225423102894655	179.29807442104945	0.791937891803
305	146.01447327885037	0.22216902432872407	180.14117230386066	0.7007585916265108
305.5	145.9931512586682	0.19116527232254518	178.52115154087477	0.5258656448918573
306	145.8438293534031	0.14443922882085178	176.641066674481	0.2880144938716057
306.5	144.88754542900662	0.0882961569458865	173.12143460180206	0.04971900232247305
307	143.93126150460964	0.04451714529750809	169.60180252912244	0
307.5	143.06203188136993	0.023485965353209994	167.25714915587608	0
308	142.2149831757487	0.010981351832379485	165.2118733595031	0
308.5	141.4889432140309	0.003330384192091818	163.50752481351446	0
309	140.9066936082481	0.001777881263818999	162.20828790739162	0
309.5	140.4279000173919	0.0015037290582631954	161.24927665242822	0
310	140.72971684529782	0.006068106374333884	162.8573823332334	0
310.5	141.03153367320382	0.01723876226301405	164.46548801403895	0
311	141.33335050110932	0.034858413629170325	166.0735936948451	0.02126443596589584
311.5	141.63516732901547	0.06610208950248979	167.68169937565045	0.2306539093888241
312	142.31383588337744	0.1207877855487558	170.20242687284798	0.47856211887177613
312.5	143.47781189107792	0.1741386580318764	173.89842341747743	0.6692328321236487
313	144.64178789877812	0.21237763650019856	177.5944199621059	0.7799312222593817
313.5	145.805763906478	0.23140449282196715	181.2904165067352	0.7975201440193905
314	145.70554536610527	0.22530455102649435	179.45777218447043	0.7199122299195075
314.5	145.50649083786257	0.1969621658008523	177.1928932172386	0.5563176088475364
315	145.30743630961993	0.151991761871709	174.9280142500054	0.326150892868458
315.5	144.80605999825332	0.09687059880117191	172.47176593142498	0.07327523598568063
316	143.88352929246926	0.04876665456696837	169.748927351156	2.2460311336402648E-4
316.5	142.96099858668575	0.025803016905135142	167.02608877088733	0
317	142.2039249214079	0.012506397680792874	165.25943806209324	0
317.5	141.47568162946308	0.004141096474056153	163.65940010805346	0
318	140.83217831093592	0.0018109539185974044	162.21688332739868	0
318.5	140.40090826394692	0.0014881421860727022	161.16888205832663	0
319	139.96963821695863	0.0049432870086618804	160.12088078925484	0
319.5	139.91354030550224	0.015016630277897647	160.23849127699236	0
320	140.00400839864196	0.032103290063756465	160.81146356249064	0.008233765308806425
320.5	140.22615244277708	0.05909588835833007	161.88468826406898	0.1919010743004752
321	141.4107351222851	0.11253150625077354	166.61433047419703	0.44482192154318845
321.5	142.59531780179273	0.16700847765772564	171.3439726843246	0.6456051640557492
322	143.7261089549103	0.20792805313015225	175.21968823357642	0.769220099907802
322.5	144.80756713966548	0.22996035388125774	178.3122555851076	0.8009967111654812
323	145.68796235207148	0.2279241361032108	180.54478010650533	0.7371639045234893
323.5	145.66926444451477	0.2023343170572523	178.93145184652133	0.5852970462735279
324	145.65056653695748	0.15928790965798267	177.3181235865374	0.3634189547646034
324.5	144.84127845636576	0.10548505598089887	174.09330720618948	0.10348741741323042
325	143.8857511313591	0.053615364247785416	170.57040616308976	0.001728358353488847
325.5	142.98490188481162	0.028443727170332937	167.79267128192708	0
326	142.1376391829267	0.01418874416830552	165.74522687444664	0
326.5	141.3343329359515	0.005111639916619529	163.82189443959203	0
327	140.7515777146764	0.0018941795398573933	162.52129245288822	0
327.5	140.16882249340162	0.0015462426018145025	161.22069046618464	0
328	140.31553980229313	0.003931146578756302	162.31596863103712	0
328.5	140.61451044288137	0.01300989865545499	163.91130775820884	0
329	140.9134810834701	0.029343819370586496	165.5066468853793	0.001804727455042377
329.5	141.2124517240585	0.05287714981034463	167.10198601255095	0.154396157134819
330	141.6411419790467	0.1042107894353265	169.01270132868606	0.40990187473579054
330.5	142.80718777614422	0.1594850290984972	172.71608602528963	0.620270588927673
331	143.9732335732421	0.20304682610867636	176.41947072189356	0.756477580322974
331.5	145.13927937033955	0.227893294918141	180.12285541849772	0.8023584672253321
332	145.43918002969403	0.22997885497916268	180.03771133740776	0.7524683296577178
332.5	145.24098677629235	0.20728163599134225	177.77389876273517	0.6127278859200278
333	145.04279352289058	0.1664574414587905	175.5100861880615	0.3997208506061881
333.5	144.7576498588818	0.11401679104094278	173.19147444740457	0.13961226726840636
334	143.8359492689325	0.05918110455109595	170.4716824432057	0.005058168401655909
334.5	142.91424867898357	0.0314609251410176	167.75189043900775	0
335	142.10001444876156	0.015968553001198763	165.65321977234672	0
335.5	141.37230232478726	0.006197663670553745	164.054619327618	0
336	140.64459020081355	0.001988519426993422	162.45601888288942	0
336.5	140.2101202141598	0.001604775055486874	161.4020202447925	0
337	139.77927573624547	0.003120034762675602	160.3547548089111	0
337.5	139.56845937466014	0.011259932852501939	159.9912381869022	0
338	139.65951352893126	0.026720926454964565	160.56579989144333	2.626919209848647E-4
338.5	139.75056768320243	0.04754221573000336	161.14036159598365	0.11943662821638809
339	140.74340322264723	0.09591540900727301	165.13958446977637	0.37389364384551066
339.5	141.92889423675928	0.15176873626510537	169.87044777658397	0.5932956101972127
340	143.09125946218333	0.19776717525056373	174.231374962116	0.7417371127184369
340.5	144.17458000170643	0.22531137529387163	177.32784864488337	0.8016018375786278
341	145.25790054123004	0.2314502484701697	180.42432232765117	0.7657853310865818
341.5	145.36422472649738	0.21189965663237725	179.34165473452586	0.6385381216185165
342	145.34792370906604	0.17343230134332807	177.73445289536258	0.4349612876328149
342.5	144.8148377346808	0.12245994757337025	175.0707940592065	0.17933339418592995
343	143.85999121471914	0.06569028973141501	171.54493543679013	0.011789174895500456
343.5	142.9279898143767	0.03460691280218234	168.33320896099255	0
344	142.08051721014792	0.017821472778937333	166.28379691457542	0
344.5	141.2330446059192	0.007356866372219896	164.23438486815846	0
345	140.61675516510024	0.0020766152635538853	162.83902279630803	0
345.5	140.03352168508383	0.0016581945139657434	161.537180728261	0
346	139.9226711649459	0.002441775078689926	161.78501690312902	0
346.5	140.21904183926605	0.009688473354644735	163.36876457079404	0
347	140.51541251358628	0.024085893312782703	164.95251223845963	0
347.5	140.81178318790626	0.04337984012571111	166.53625990612525	0.08763889645941068
348	141.10815386222677	0.08768297333739039	168.12000757379045	0.33689175075994315
348.5	142.1552124465104	0.14382124321887008	171.5352015460036	0.5647510373944274
349	143.3231398219122	0.19202812713253226	175.24527798253948	0.7250373909368918
349.5	144.4910671973133	0.22247157152416216	178.9553544190769	0.7987288083841255
350	145.19214063960928	0.2322946872304182	180.62310501263352	0.777079951577197
350.5	144.99467653369337	0.21608316212276113	178.36006199930026	0.6626600012984698
351	144.7972124277777	0.18016548237497906	176.09701898596654	0.4690477594217796
351.5	144.59974832186148	0.130664300815425	173.83397597263283	0.2192201829059475
352	143.80720210020007	0.07323804497657041	171.19760663445965	0.021819088897756297
352.5	142.8862518839677	0.03794452997421758	168.48068271378582	0
353	142.0149740779848	0.01979159886591347	166.0508685706132	0
353.5	141.2877357442798	0.008680283756556545	164.45361199067207	0
354	140.56049741057416	0.00228522344528414	162.85635541073154	0
354.5	140.0381243240373	0.0017063607507549843	161.63924280207863	0
355	139.6076511119666	0.0018110227862104735	160.59265781449844	0
355.5	139.24203161591535	0.008230568849108435	159.74764466753473	0
356	139.333597004498	0.021485267615109646	160.323607901794	0
356.5	139.42516239308188	0.04011608602090378	160.89957113605166	0.05902891270438828
357	140.09437046610674	0.0796159798793749	163.66847209327275	0.2989933257377276
357.5	141.28067911609	0.1355915779792769	168.40047133307795	0.5347118002460965
358	142.46698776607252	0.18581391486081916	173.13247057288393	0.7064222518785713
358.5	143.55902451756947	0.21924304410071915	176.34516062812665	0.7937469213659134
359	144.64408212738152	0.23250995460156232	179.44537311335807	0.786322542662489
359.5	145.07610710906977	0.21970829623968063	179.75216083337617	0.6850302048371648
360	145.06205812025547	0.1865160842695953	178.15081407028524	0.5018907887181037
360.5	144.80617144872826	0.13859383464979064	176.05370819081605	0.2586383873608301
361	143.85194749492805	0.08172220265743771	172.52503436829394	0.03566368434750388
361.5	142.89772354112793	0.041536431906934464	168.99636054577124	0
362	142.0415403107135	0.021856036638165616	166.82733536021323	0
362.5	141.19384716819246	0.009988832674956148	164.7760524355738	0
363	140.50015815798366	0.0028157862905799653	163.16129184678488	0
363.5	139.91645026069037	0.0017491473291063814	161.85827102490336	0
364	139.54903119025792	0.0015144125419299583	161.26401014080272	0
364.5	139.84290779428355	0.00696568216533176	162.8367584725258	0
365	140.13678439830946	0.0190130392111604	164.40950680424714	0
365.5	140.43066100233534	0.03705599216869408	165.9822551359688	0.03546776184937699
366	140.7245376063618	0.07181905076165117	167.55500346769085	0.26029785244085013
366.5	141.51990739409788	0.1271467636534431	170.35521777566134	0.5032567519845778
367	142.68957931472997	0.17929874232262977	174.07158238814844	0.6859405604290643
367.5	143.85925123536308	0.21552224280979734	177.78794700063517	0.7866692540163606
368	144.96231585286756	0.23209548550506784	181.21288793052614	0.7934888424685829
368.5	144.76547967021025	0.22295694968273463	178.95043633130376	0.7055900102753809
369	144.56864348755292	0.19261884100034735	176.68798473208034	0.5334041623131163
369.5	144.3718073048958	0.14629169095522	174.42553313285856	0.29736547556979925
370	143.79526962420383	0.09037971075562652	171.92600666538425	0.05491088461059663
370.5	142.8750144821691	0.04553364800264498	169.21187274367196	1.6699599878362957E-5
371	141.95475934013533	0.02401823462653301	166.49773882195933	0
371.5	141.2200047436054	0.011322362724745814	164.8558050759455	0
372	140.4932060132941	0.003524008489204798	163.2598565378671	0
372.5	139.88296161915278	0.0017864419339172664	161.88000132240282	0
373	139.4528297835075	0.0015003917154775847	160.8340772371646	0
373.5	139.02269794786184	0.0057773374135183285	159.7881531519261	0
374	139.02433683699863	0.01666957310612598	160.08446280360567	0
374.5	139.11637113365612	0.034169324316630265	160.66178216407602	0.017545161748185593
375	139.46173225916377	0.0643311841141416	162.20051434580913	0.2211199981802398
375.5	140.6487833728027	0.11876865190584356	166.93358464714416	0.47046846235753986
376	141.83583448644177	0.1724470974856153	171.66665494847905	0.6636460811885386
376.5	142.9590854563506	0.21134462859121025	175.3638846455734	0.7775143852676001
377	144.04579134602162	0.23111077989717188	178.4677790336324	0.7985600394024622
377.5	144.80312095948426	0.22599533382144857	180.1626911062831	0.7242854479631159
378	144.7912529344205	0.1983014689175125	178.5671844450303	0.5635051573547761
378.5	144.77938490935605	0.15378606174707188	176.97167778377775	0.3352997886235228
379	143.85979973125077	0.09897286750440654	173.51019617509516	0.07992385628612796
379.5	142.9061570411647	0.04989024202229272	169.97870325956967	4.153508597475963E-4
380	142.01888111425762	0.026434796899337126	167.37539162834221	0
380.5	141.17094288169966	0.012909426780880588	165.3222426073273	0
381	140.39998052296812	0.0043386960953412735	163.4876891034433	0
381.5	139.8157781742585	0.0018187873301931837	162.18349529461958	0
382	139.2315758255483	0.0014986424324025605	160.87930148579596	0
382.5	139.4842800383609	0.004674581157758315	162.31456454963185	0
383	139.77561059703478	0.014515728218821867	163.87626372174748	0
383.5	140.06694115570758	0.03143440280092956	165.437962893863	0.006253848969674969
384	140.35827171438083	0.05749841442848063	166.99966206597756	0.18265423189768215
384.5	140.89944659068726	0.11051980876397767	169.17486318412793	0.4364330008815195
385	142.07078063997534	0.16520473364449423	172.8974434165978	0.6395973373393088
385.5	143.2421146892637	0.2067770303482891	176.620023649066	0.7663063467216841
386	144.41344873855152	0.22951470839784682	180.34260388153555	0.801522821532535
386.5	144.55148364266284	0.22847025394772602	179.5436049420695	0.7410674422302758
387	144.3551981717964	0.2035683796865007	177.28166465468414	0.5921147584957056
387.5	144.15891270092973	0.1610552270698154	175.01972436729775	0.3723417486536752
388	143.7983090844265	0.10757369142531689	172.65571326297953	0.11181678480218452
388.5	142.87872443848764	0.054900726429897614	169.94447544123148	0.0023073074126820498
389	141.95913979254854	0.029152551091539858	167.23323761948282	0
389.5	141.16731680033814	0.014614283016572971	165.26030492775936	0
390	140.44097104229837	0.0053688984173341685	163.66575007067777	0
390.5	139.74284251096293	0.0019176886915152117	162.1234604853594	0
391	139.31308444105926	0.001560942755639052	161.07825926548014	0
391.5	138.88332637115553	0.003723937592547963	160.03305804560017	0
392	138.72997854400512	0.012550078487068747	159.84757290728314	0
392.5	138.82261658175625	0.028693223279209663	160.4271752048913	0.0010981429515285576
393	138.91525461950687	0.05150447021210458	161.00677750250026	0.14555647164595964
393.5	140.03146916463342	0.10218885556574435	165.46927697611721	0.40123971090903804
394	141.2193045536171	0.15762659242096275	170.20346730073985	0.6138574570220366
394.5	142.3732301171893	0.20180249467463987	174.3841863966965	0.7530745595674027
395	143.46135688977947	0.22729688669899634	177.49094721514047	0.8023694115325412
395.5	144.5439651474228	0.23039428447422167	180.57410127715062	0.7558919402106883
396	144.53395741807682	0.20843734895481283	178.9833313340932	0.6191578653092856
396.5	144.5239496887302	0.16815331905968098	177.3925613910349	0.408394120225509
397	143.88208370390632	0.11608060428697937	174.4999511094436	0.14912819472192884
397.5	142.92894974319023	0.060664115794033295	170.96602419774078	0.006317978000812338
398	142.01096985032603	0.032204977846678084	167.92745201272757	0
398.5	141.16280548359828	0.01641459391758176	165.8726479370767	0
399	140.31464111686984	0.006470234490912851	163.81784386142593	0
399.5	139.72993679697183	0.002010531933495977	162.51246413998425	0
400	139.1452762813788	0.0016182451438119015	161.20720902192218	0
400.5	139.14138399290266	0.002951541707845511	161.80105791207345	0
401	139.4303614514942	0.010877268596991004	163.3525867932631	0
401.5	139.71933891008607	0.02608654172041255	164.90411567445258	1.5830364528494713E-4
402	140.00831636867738	0.04642027163634049	166.4556445556413	0.11146496260305706
402.5	140.29729382726896	0.09389605071720793	168.00717343683098	0.3649809751014613
403	141.46543185177305	0.14987218626674068	171.7238433472718	0.5864940076237326
403.5	142.63830564249997	0.19641914400332708	175.45217620320093	0.7378537573495085
404	143.81117943322695	0.22465891653659564	179.18050905912918	0.8010975870971052
404.5	144.35157627502753	0.2317134683174968	180.14085885694507	0.7687200274812724
405	144.15578416372253	0.21296190199674478	177.87933858784393	0.6445634894286517
405.5	143.95999205241841	0.1751074374418969	175.61781831874237	0.4433622655818577
406	143.76419994111401	0.12448435405767524	173.35629804964134	0.18903678607513702
406.5	142.89615166646314	0.06742121145402838	170.67920006626818	0.014005177789848177
407	141.97717830372298	0.0354099869818743	167.97062103019238	0
407.5	141.12839563605144	0.01827824633666408	165.6676153563376	0
408	140.40243822880598	0.007672370556166048	164.07431420652958	0
408.5	139.6764808215598	0.0021119818703362646	162.4810130567203	0
409	139.18704618970463	0.0016703991777040296	161.32545102790033	0
409.5	138.7575862532877	0.002287539119840092	160.2808857959831	0
410	138.44924780852858	0.009308068358110311	159.61314262301158	0
410.5	138.54232907352713	0.023454632442740632	160.19425957769408	0
411	138.63541033852553	0.04250870410522382	160.77537653237746	0.08035931479079206
411.5	139.42758727898217	0.08570029796154698	164.00762039629532	0.32775197292369423
412	140.6160885820973	0.14184613498361723	168.74281474254846	0.5575788184130738
412.5	141.80017495093267	0.19055986527149876	173.4055105795534	0.7206838947927947
413	142.88969616712376	0.22172222219595336	176.5153333361857	0.7977106867753219
413.5	143.9792173833147	0.2324050064758552	179.62515609281715	0.7795180302126193
414	144.28897238066398	0.2170192413206828	179.39928763639415	0.6682649408919047
414.5	144.28080219783834	0.18173750132598226	177.81339587517158	0.4771543930677277
415	143.9173802989037	0.1326193810905232	175.49388409429113	0.22886645484511026
415.5	142.96472891678116	0.07521788823578149	171.9575715903251	0.024784649620629255
416	142.01644581267195	0.038783920812056366	168.48326617585496	0
416.5	141.16805120890925	0.020291121627713873	166.42686391702213	0
417	140.3196566051466	0.009001130905014974	164.37046165818992	0
417.5	139.65757901789422	0.002395756155926876	162.84490208905746	0
418	139.0724689131037	0.0017172679525688187	161.53863341548902	0
418.5	138.81293980107145	0.001687344623965475	161.29597077386586	0
419	139.09969777324477	0.007907288068940711	162.8379154983361	0
419.5	139.38645574541823	0.020860910948463148	164.37986022280438	0
420	139.6732137175918	0.039365561055464696	165.92180494727438	0.052791202937122916
420.5	139.9599716897654	0.07769499779190413	167.46374967174364	0.2896504307975981
421	140.87240877934266	0.1335477841718689	170.55078806171707	0.5271877919877409
421.5	142.04670627089226	0.1842443161388198	174.28448196100544	0.7016100429207331
422	143.22100376244168	0.2183908642142887	178.0181758602951	0.7922176012070058
422.5	144.18746577643705	0.23246708365622742	180.83105869090568	0.7882576035631694
423	144.12813240916302	0.22050963645659852	179.09917489943854	0.6902000032036096
423.5	144.0687990418893	0.18803095511625592	177.36729110797063	0.5096817980842379
424	144.0094656746154	0.1404793653990632	175.63540731650366	0.2681260087181728
424.5	143.07826757191262	0.08385005140994618	172.58861507052814	0.03982040927761363
425	142.1343657492253	0.042474934134689744	169.52266362687985	0
425.5	141.25514254674604	0.022377039669633756	166.9413147464214	0
426	140.4852142409298	0.010302763946234503	165.1788545017726	0
426.5	139.71528593511405	0.0029650868128034947	163.41639425712447	0
427	139.1764224840967	0.0017587284375057603	162.13615725354833	0
427.5	138.71136645446745	0.001509812383265086	161.00995342817853	0
428	138.31772981319443	0.006678386621226188	160.07746705754752	0
428.5	138.34849936176352	0.01844283232304246	160.29613709924374	0
429	138.37926891033263	0.03634983921548524	160.51480714093907	0.030579831048653906
429.5	138.96944277287653	0.06996571756421142	162.9517705574897	0.2507922176382305
430	140.12487368411962	0.1251044215156104	167.63023611282227	0.4954007050297344
430.5	141.280304595363	0.17765347001456983	172.30870166815387	0.6806822707436254
431	142.39778766815746	0.21453819328677365	175.75150268748897	0.7846327497847305
431.5	143.50861366472597	0.2319027086395885	178.97753475915258	0.794915806084522
432	144.08118647579622	0.2237308081838959	179.88855020987924	0.7103110966537414
432.5	144.10440646814607	0.19404143849292577	178.4368097302022	0.5408590959389776
433	143.99247137836716	0.14814489967226543	176.6907983960834	0.3066695412650385
433.5	143.04363089947987	0.09246248335521097	173.12260723668155	0.06043227398487895
434	142.09479042059328	0.04655233062211996	169.55441607727965	4.929421457278812E-5
434.5	141.2231546206373	0.024565582864180216	167.16054431105158	0
435	140.3728923056483	0.011687808202950697	165.0917732802194	0
435.5	139.63561826587343	0.003721745429786265	163.34702161707955	0
436	139.04976429087975	0.0017946717984176994	162.0365011478702	0
436.5	138.52745836370738	0.0014967620722610819	160.93437450919401	0
437	138.8307924517937	0.005509707079690895	162.53977849214218	0
437.5	139.13412653988053	0.01610258791881812	164.1451824750901	0
438	139.43746062796694	0.033498033226967226	165.7505864580377	0.014126266096317057
438.5	139.74079471605324	0.06257211661496159	167.35599044098683	0.21165086247395332
439	140.35504953706138	0.11674348276676334	169.70917620483766	0.4623009988908847
439.5	141.5226461697171	0.1707278289539706	173.3931800247073	0.6579555138270273
440	142.6902428023729	0.2102777633977044	177.07718384457684	0.7749760428027912
440.5	143.8578394350288	0.23078002418920368	180.76118766444625	0.7994751599430199
441	143.86622416922455	0.22665130536853467	179.38604952723543	0.7285454294647308
441.5	143.66453707330544	0.19962604816525667	177.09409608546403	0.570604445981256
442	143.46284997738616	0.15555665692660792	174.80214264369235	0.34439587541151245
442.5	143.02132284125162	0.10106263417562195	172.36860928117184	0.08694433572040208
443	142.10028697366675	0.051056073320873356	169.65201722613077	7.100697177907558E-4
443.5	141.17925110608235	0.027062511384614667	166.93542517109088	0
444	140.4072340127435	0.013310943774191336	165.0801332479626	0
444.5	139.67947145481108	0.0045773179678757275	163.4806241104284	0
445	139.01355260859444	0.0018433882630721945	161.9958392654622	0
445.5	138.5822041853495	0.0015142479667657977	160.94619851333655	0
446	138.15085576210362	0.004421219837862063	159.89655776121137	0
446.5	138.05650892952653	0.014029254968699768	159.8899189803209	0
447	138.14663059972722	0.030760373690730352	160.45420038899456	0.004550797229260229
447.5	138.29412358630535	0.05596237742647516	161.23631706073934	0.17345297818695618
448	139.48151103851083	0.1084901622340871	165.96684730897607	0.42797556055851477
448.5	140.6688984907157	0.16337440672202927	170.69737755721437	0.633489430085566
449	141.81257784270795	0.20560767323899767	174.68784624962294	0.7632728291924785
449.5	142.9045990712116	0.2290322680754448	177.80364431909425	0.8019236967991324
450	143.86088967162456	0.22898082954636303	180.33876884152684	0.7448551363703759
450.5	143.8560793702035	0.20477354080138563	178.76217681494413	0.5988397664347168
451	143.8512690687823	0.1628060188942342	177.1855847883611	0.38120597923545757
451.5	143.09877873109343	0.10964469835494771	174.05817493273105	0.12037393799248255
452	142.1465514911035	0.056249755897781376	170.51647616448886	0.0030415576592048143
452.5	141.2412320734023	0.029879701944944402	167.64844135983554	0
453	140.39218810027464	0.015039972128881198	165.5886030817897	0
453.5	139.574724982919	0.005630070958898507	163.61893431670015	0
454	138.98877512124503	0.0019408393269618794	162.31028112568578	0
454.5	138.40282525957048	0.0015753471343820952	161.0016279346714	0
455	138.5012998479706	0.0035160433158205598	161.92645908138965	0
455.5	138.78671120101592	0.01212022647838437	163.4613215265783	0
456	139.0721225540613	0.028051883915988632	164.99618397176536	6.335166638721209E-4
456.5	139.35753390710738	0.050188917109523015	166.53104641695256	0.13690645780724836
457	139.74648673821878	0.1001567768250801	168.32177247595558	0.39251449457669213
457.5	140.92200501048208	0.15575507721232904	172.05619762090544	0.6073482431803062
458	142.0975232827457	0.20052763991439687	175.79062276585583	0.7495538299810515
458.5	143.2730415550091	0.22666772346894173	179.5250479108064	0.8022549892244578
459	143.7360012978767	0.2307727751693107	180.1030093544886	0.7591974042625622
459.5	143.67690052222142	0.20957881454187158	178.36836768052805	0.6254909393623611
460	143.6177997465667	0.16986494620644188	176.63372600656768	0.4170032259265019
460.5	143.21204728422362	0.11814161707207374	174.377795382184	0.15881606065114617
461	142.2683824419971	0.06220754083860042	171.3129612079363	0.007824253790706689
461.5	141.3247175997708	0.032966928413973126	168.24812703368846	0
462	140.5162695655931	0.01686507620467434	166.19674693702223	0
462.5	139.74637952243873	0.006752493588566685	164.43436015257674	0
463	139.02658138110968	0.0020321715009114544	162.7764612817648	0
463.5	138.56149693880718	0.0016314105553278625	161.64987589706683	0
464	138.09641249650454	0.0027826541885594743	160.5232905123683	0
464.5	137.9044666160331	0.010494407812543387	160.1377499589225	0
465	137.93548737833592	0.02544786393556649	160.357134162575	8.065486195687301E-5
465.5	137.96650814063847	0.045389518075159695	160.57651836622847	0.1036934341833424
466	139.0155774089159	0.09188212508138503	164.83010210337682	0.3560108865207836
466.5	140.17179708535355	0.14795148069682218	169.5082885230847	0.5796005739312989
467	141.31664566682326	0.1950406627669714	173.81064026642994	0.7338550576487016
467.5	142.42895781523507	0.2239800905617029	177.03760570589387	0.8004681675738117
468	143.54126996364658	0.23193954443420903	180.26457114535776	0.771534584575924
468.5	143.67090054249	0.21399336429521076	179.26561955001083	0.6504880052269375
469	143.6957644553597	0.17675987205587498	177.81613010789022	0.45169364743228935
469.5	143.18696331178737	0.12649210048378304	175.2037557261689	0.1987505061087186
470	142.23858660047233	0.06920272438837581	171.63352247515277	0.016341004937434605
470.5	141.30909443047665	0.03621520738167104	168.35279784460937	0
471	140.45855583644328	0.01874383265805448	166.28246749748993	0
471.5	139.60801724240972	0.007997892394522291	164.21213715037092	0
472	138.97878859476018	0.0021548311984203607	162.77730091964975	0
472.5	138.3924381494812	0.0016822910626847465	161.4655899518178	0
473	138.23464087255792	0.002132864401190713	161.55790373307366	0
473.5	138.53670773063178	0.008933877169565231	163.15682316896223	0
474	138.83877458870583	0.02282102145776491	164.75574260485035	0
474.5	139.14084144677997	0.04167888570224578	166.35466204073822	0.07328809818882977
475	139.4429083048541	0.08372738571903797	167.95358147662665	0.31856055864741806
475.5	140.41416540448463	0.13985615778923818	171.1641738436804	0.5503192601872148
476	141.58335303126395	0.1890662976759973	174.85146065881037	0.7162177215955119
476.5	142.75254065804359	0.22094753781966137	178.5387474739415	0.7965679222679815
477	143.57042043901708	0.23247807456262068	180.69289966173952	0.7818342921156929
477.5	143.36974513867548	0.21792051738569293	178.401998647186	0.6737653465350898
478	143.16906983833425	0.1832816012578886	176.11109763263144	0.4851861811250682
478.5	142.9683945379937	0.13456292646744075	173.82019661807809	0.23847645186696503
479	142.2340615471285	0.07725977790190086	171.2140527031759	0.027932797628176333
479.5	141.31336684431446	0.03963097051819643	168.497820977995	0
480	140.42719216793714	0.020787178377846896	165.98142772763856	0
480.5	139.69938086493866	0.009320372674147079	164.38180941261194	0
481	138.9715695619408	0.0025148057975770506	162.78219109758572	0
481.5	138.42652303441778	0.0017278550947232435	161.5216116442876	0
482	137.99503956803522	0.0016021864970945509	160.47169800930027	0
482.5	137.59200683093408	0.007583568090910863	159.5097531070352	0
483	137.6819565159265	0.020253191614458894	160.07209387411345	0
483.5	137.77190620092014	0.03861560311012973	160.63443464119246	0.04687128826879375
484	138.3682123441264	0.07578075304427397	163.11899812955912	0.2802618183599807
484.5	139.5561744241105	0.1315051043214205	167.84959692846178	0.5195811656255837
485	140.7441365040958	0.1826772670004843	172.5801957273643	0.696688119966546
485.5	141.85050071644963	0.21750370662620863	175.9125795007695	0.7905644914813876
486	142.9444291790116	0.23238695190874548	179.0318712814865	0.7900694900690459
486.5	143.45319238327903	0.22129630305835307	179.64783833651006	0.6952618600838606
487	143.45066383651164	0.18951964156781365	178.07650998349882	0.5173929088421113
487.5	143.25866302162785	0.14236323612969692	176.1113269299286	0.2775712563224717
488	142.30698234838272	0.08596400827819725	172.56700257979998	0.04429310776356252
488.5	141.35530167513758	0.04342475688054425	169.02267822967042	0
489	140.4922078621184	0.022894235189839574	166.76173644382675	0
489.5	139.6428737286706	0.010615337599361754	164.7001349755645	0
490	138.9332386341305	0.0031217871928862603	163.0380921941098	0
490.5	138.34674705846825	0.0017679830455029145	161.72825700889962	0
491	137.93206140790588	0.0015070937663844387	160.97847891826308	0
491.5	138.21578824385224	0.006389927253192477	162.50540268050239	0
492	138.49951507979858	0.017869554601534745	164.03232644274155	0
492.5	138.78324191574495	0.0356435382010331	165.5592502049812	0.025999117795520582
493	139.06696875169138	0.06813376364370768	167.08617396722025	0.2412636521767384
493.5	139.82357552815287	0.12306749077605383	169.78365873589183	0.4874669779849892
494	141.00071018879825	0.1759944511123754	173.52211289481718	0.6753175181187411
494.5	142.17784484944244	0.21352956687511185	177.2605670537421	0.7824736342667838
495	143.35497951008784	0.2316873399758172	180.99902121266638	0.7962185609769572
495.5	143.31276859995955	0.22449463829869162	179.33575843670403	0.7149211173571831
496	143.2545619880984	0.19543693837794648	177.60163449143263	0.5482292876712853
496.5	143.19635537623788	0.1499801560670457	175.86751054616158	0.3159252456029728
497	142.43098044254629	0.09455000822580886	173.07108721095963	0.06625297382965048
497.5	141.4877390555	0.04758715607826052	170.00747511877435	1.0587981995825607E-4
498	140.57665103012576	0.025121160789670666	167.18516680415817	0
498.5	139.8068452803222	0.012059525859133344	165.42315032301377	0
499	139.03703953051888	0.003920807577245652	163.66113384186946	0
499.5	138.44145059970572	0.0018025695788393267	162.2624458020666	0
500	137.97635148184926	0.0014928406924661936	161.13589371691555	0
500.5	137.51125236399298	0.005241922054576104	160.00934163176515	0
501	137.52152504181242	0.015578819309545456	160.17175280702756	0
501.5	137.5525793426803	0.032840341216641006	160.39051303128096	0.011028748523448328
502	137.93616233869213	0.06088925024953588	162.0058206233593	0.20223263680174122
502.5	139.09296716506324	0.11474529432992833	166.68425733603183	0.4540609972590005
503	140.24977199143524	0.1689811195193665	171.36269404870436	0.652162014049071
503.5	141.37811239657714	0.2091772066534852	175.07386336665155	0.7723165891876318
504	142.49231763290777	0.2304122770798192	178.30469662577468	0.8002653634802418
504.5	143.26545966952673	0.22727447610090637	180.06879771286395	0.7326915126509553
505	143.29288898894185	0.20092640491560843	178.6259833826877	0.5776143718771491
505.5	143.32031830835675	0.1573174028179838	177.18316905251118	0.35343774018683105
506	142.4121471493934	0.10315572478918258	173.69588598130088	0.09452863185681526
506.5	141.46445961895662	0.05225351539987152	170.12225196424887	0.0011531106898968475
507	140.57530242150324	0.027701715604359866	167.45692966764463	0
507.5	139.72434002577654	0.013725631933898965	165.38433911029963	0
508	138.93954884506167	0.004830097993550941	163.5021828148852	0
508.5	138.35246367874285	0.001867642222054375	162.18900502355484	0
509	137.7653785124253	0.001529564979921283	160.87582723222468	0
509.5	137.97278868493876	0.004183242375831551	162.16210100255276	0
510	138.2720113887948	0.013545860018877056	163.74876952199054	0
510.5	138.57123409265134	0.03008130744124049	165.33543804142855	0.0030626987467018895
511	138.87045679650794	0.05447753297202251	166.92210656086664	0.16436589469409524
511.5	139.33332655496113	0.10646516055556163	168.90426626579688	0.419450914408274
512	140.5044034490479	0.1615305617999977	172.59797330247133	0.6272823911366965
512.5	141.6754803431344	0.204405567528289	176.2916803391474	0.7601200185666452
513	142.8465572372207	0.22851310785948548	179.98538737582234	0.8021992746906701
513.5	143.10240866685905	0.22947402205414535	179.68465340438271	0.7485263985386446
514	142.90232515191573	0.20596137473214127	177.3940215220876	0.6054710253838796
514.5	142.7022416369724	0.1645504000921212	175.1033896397929	0.390010269482392
515	142.39613351215743	0.11170952308604015	172.7505374407352	0.1292830967659955
515.5	141.47609109393332	0.05762705412767071	170.03739920758008	0.003917173348465929
516	140.55604867570972	0.030630452750410615	167.3242609744245	0
516.5	139.74868010330928	0.01546971836463646	165.2634079343833	0
517	139.02123091955588	0.005893466492104546	163.6652197965306	0
517.5	138.30053767094117	0.0019636278498265684	162.0795510106225	0
518	137.86932549064568	0.001589453500373247	161.03031653052486	0
518.5	137.43811331035158	0.0033084203777914117	159.981082050427	0
519	137.2472027080749	0.011696372925803515	159.67522028925498	0
519.5	137.33773154025678	0.027420643482658737	160.2399911695057	4.0183914491426253E-4
520	137.42826037243879	0.04889200603975439	160.80476204975693	0.12849872588729508
520.5	138.47246559318847	0.09814416272620008	164.98755747281393	0.3837275811708078
521	139.6613209826972	0.15386988261185405	169.7191217098695	0.600743958586318
521.5	140.8244316557075	0.19923130015312882	174.00643845263588	0.7459159384970915
522	141.92001672932355	0.22602483279910437	177.12854219590866	0.8020152180762039
522.5	143.01560180294015	0.23111426826720574	180.25064593918026	0.7623842083209572
523	143.07768644283672	0.21068664336091328	178.95164624080834	0.6317261242582007
523.5	143.0772698661449	0.17155478078673267	177.3852791231759	0.42554683031440443
524	142.49698345494497	0.12018747220524394	174.61082727443394	0.16853282753148505
524.5	141.5458425180643	0.0638114877839652	171.06374739216602	0.009591923834727303
525	140.62279396458072	0.033732834031218725	167.92743207646683	0
525.5	139.7731153403087	0.017319760566023672	165.86392595418107	0
526	138.92343671603655	0.007035516305926831	163.80041983189474	0
526.5	138.3215781981579	0.002053434767607964	162.4470572907646	0
527	137.73446930699936	0.0016442692448336116	161.13596070171042	0
527.5	137.67763408501165	0.0026180620371718854	161.55130719727143	0
528	137.9587208616567	0.01010976756959355	163.06684616249126	0
528.5	138.2398076383013	0.024804992316811138	164.58238512771064	1.558589743507124E-5
529	138.520894414946	0.044392428142432896	166.09792409293087	0.09603659261940267
529.5	138.80198119159112	0.08989261700732737	167.61346305815022	0.3469847715756871
530	139.9312186556316	0.14600691793028744	171.23466695312325	0.5726163799908927
530.5	141.1101250177437	0.19363091580251032	174.97918155022066	0.7297416348001764
531	142.2890313798552	0.22327720308270668	178.72369614731795	0.7997136767868884
531.5	142.97611713571476	0.2321284417001672	180.2890462491491	0.7742285651388668
532	142.91870954594737	0.21500243268498503	178.5556865264472	0.6563107486603569
532.5	142.8613019561798	0.17838782406387685	176.82232680374474	0.459954138932763
533	142.6218434657348	0.1284800263278665	174.81589127224004	0.20846138111208978
533.5	141.6791140101248	0.0710682376525181	171.75455138758176	0.018787568737482704
534	140.73638455451413	0.03703139257451835	168.69321150292416	0
534.5	139.8961803790015	0.01923260289958274	166.4018101966079	0
535	139.12659746192372	0.008321964703180017	164.64075644231337	0
535.5	138.35701454484698	0.0022023529023014994	162.8797026880182	0
536	137.88551300502354	0.0016938683215447187	161.73999457100285	0
536.5	137.42052125218012	0.001977774950923969	160.61385599589218	0
537	137.1367206585	0.00859281112580811	159.97894811365674	0
537.5	137.16797247010683	0.02218362882827494	160.19818461713925	0
538	137.1992242817141	0.040942318555757556	160.4174211206213	0.06637801523519882
538.5	138.04258187592262	0.08175883146586632	163.85270121451083	0.309318935785408
539	139.20002840221906	0.13784799903832473	168.53181396974134	0.5429734904640828
539.5	140.35427486295617	0.18754240570295	173.09956484455046	0.7116395651495939
540	141.47020876871923	0.22014894936657908	176.3340436082975	0.7953006923866128
540.5	142.58614267448246	0.23251388013984015	179.56852237204538	0.7840283774631592
541	142.91604071912235	0.21878685030767425	179.42260871411148	0.6791603637590233
541.5	142.94578489621975	0.18481298910242178	177.9858660884937	0.4931418758834138
542	142.61387910637117	0.13648461734985154	175.75686296830173	0.24804868109173775
542.5	141.66682567399448	0.0793676300959999	172.18026626301736	0.031385731714294846
543	140.721381836965	0.04050838776896357	168.62892965279488	0
543.5	139.8700387530246	0.021288444939048048	166.55435797747776	0
544	139.01869566908385	0.009637959470848279	164.47978630216252	0
544.5	138.34221570521848	0.0026564264449627493	162.9094745717805	0
545	137.7544611430942	0.0017381205325423567	161.5950239182059	0
545.5	137.4408200753522	0.0015481623010826981	161.17633632288016	0
546	137.7373846942869	0.0072834801812443764	162.7517122204517	0
546.5	138.0339493132219	0.019658588547112964	164.3270881180235	0
547	138.33051393215715	0.03786442714054146	165.90246401559634	0.04125279724277954
547.5	138.6270785510918	0.07390039770821645	167.47783991316882	0.270828946913323
548	139.4521437458533	0.1294457899283046	170.33457672225376	0.511893102822721
548.5	140.62497863618597	0.18109305360706016	174.03448857124795	0.69165724761967
549	141.79781352651912	0.21658170915334007	177.73440042024274	0.7887878489939171
549.5	142.8631591799334	0.2322695718073064	180.96513830816357	0.7917579207098301
550	142.66363493836204	0.22207999707807471	178.67491395013477	0.7002149891359741
550.5	142.46411069679002	0.19100186265260316	176.38468959210508	0.5250229230973538
551	142.2645864552187	0.14423292287696965	174.09446523407632	0.2869726628871806
551.5	141.6665686354038	0.08806374486630814	171.5717189845735	0.04915849576060144
552	140.74712304345485	0.044403974961542	168.86141891330533	0
552.5	139.82767745150593	0.023426577298736043	166.15111884203637	0
553	139.09887756770758	0.010944054431792602	164.54467224312458	0
553.5	138.37172847264097	0.0033088290806921883	162.94778383931154	0
554	137.77170985343258	0.0017769097154266434	161.58627419155965	0
554.5	137.34069025766894	0.0015040818079325086	160.53766182233537	0
555	136.90967066190535	0.006100348872395672	159.48904945311116	0
555.5	136.9312484032495	0.017301829458735762	159.84072986270297	0
556	137.02213613658503	0.03493542559591563	160.40684874404099	0.02170302158973209
556.5	137.41621671576527	0.06630328406174431	162.1227228873935	0.23171352882015536
557	138.6057897779281	0.12101516673348076	166.8552304399428	0.47945680332728763
557.5	139.79536284009183	0.1743248873777323	171.58773799249118	0.6698471359501569
558	140.9217221110387	0.21249259969187026	175.2199526899891	0.7801922428736435
558.5	142.01897462216778	0.23143483896226236	178.34553807058438	0.7973969047674414
559	142.7299518266658	0.2252255647793385	179.81871507250696	0.7194193562349538
559.5	142.73171604522364	0.196811396698284	178.2580209982438	0.5555135925763491
560	142.71396589512517	0.15179161240785471	176.65656689035183	0.3251311507419671
560.5	141.76336890796392	0.09663733434769992	173.1066578198698	0.07255539197838978
561	140.81277192080267	0.048646814386351864	169.55674874938865	2.1066346031091751E-4
561.5	139.9313964149143	0.025732547794829943	167.02873529646527	0
562	139.08135717410158	0.012461479784031504	164.96332956823412	0
562.5	138.32476863073188	0.004119110944235534	163.16621920689812	0
563	137.7370395266846	0.0018101340482893186	161.85390143102245	0
563.5	137.17022455252493	0.0014886281852657067	160.60959344915074	0
564	137.44867540842327	0.004973200890214911	162.11397046108314	0
564.5	137.72712626432184	0.015072132693179266	163.6183474730156	0
565	138.00557712022078	0.032177288951279095	165.12272448494767	0.008482488200097383
565.5	138.28402797611912	0.05927444564602707	166.6271014968797	0.19292879186764955
566	138.8871591549078	0.11275390662593705	168.9398589093304	0.44574973751759794
566.5	140.06771261281358	0.16720724052704725	172.6902668979154	0.6462664818547449
567	141.2482660707198	0.20805416849128805	176.4406748865005	0.769536437559043
567.5	142.42881952862706	0.23000759569725682	180.1910828750848	0.8009305272587454
568	142.609118176448	0.22786119861647663	179.5087774737219	0.73672305344217
568.5	142.55231498846013	0.20219518942482556	177.7757353283064	0.5845338460747088
569	142.49551180047234	0.15909099130288928	176.04269318289036	0.36242397832706236
569.5	141.89681625331116	0.10525191126406205	173.4982901651976	0.10257460020169765
570	140.95456675802438	0.05347569957769566	170.4394930500301	0.0016698100916351056
570.5	140.01231726273747	0.02836672576026893	167.380695934862	0
571	139.24274890462837	0.014141317101365786	165.6189072557107	0
571.5	138.47342900215418	0.00508353832851208	163.8589847274317	0
572	137.82137652396224	0.0018915454393710887	162.34335153439744	0
572.5	137.35654658095424	0.001544591092424013	161.2177368733076	0
573	136.89171663794556	0.003955111953992973	160.09212221221767	0
573.5	136.8099322163883	0.013062940962774394	160.00521999858657	0
574	136.84147356467435	0.029417237339043313	160.22562561434341	0.0019086022017914745
574.5	137.01804653594903	0.05303306038062334	161.02015023366585	0.15538848953995832
575	138.17613190915418	0.10443451320090645	165.700068331804	0.4108603867049718
575.5	139.33421728236024	0.15969101578010095	170.37998642994245	0.620977184734734
576	140.47258320851017	0.2031842383200886	174.35931955016005	0.756848404622391
576.5	141.59007597111648	0.22795730839970593	177.59707889411084	0.8023495123970897
577	142.56293787805666	0.22993041872153386	180.21283578788754	0.7520806584171943
577.5	142.59473877511866	0.20715144539063834	178.78144623282282	0.6120075052000361
578	142.62653967218105	0.16626822323822985	177.35005667775727	0.39875325167856834
578.5	141.89464645445102	0.11378706329118403	174.24201330910552	0.13856558561693225
579	140.94815713909978	0.05902218188548759	170.6628344969728	0.0049328111872462424
579.5	140.04224888736346	0.031378169637162695	167.72698313819654	0
580	139.19056008419474	0.015918821278257604	165.65066715532592	0
580.5	138.35875258117758	0.006167306586777203	163.63178280565333	0
581	137.77041221810762	0.0019860507199910803	162.31620836887907	0
581.5	137.18207185503832	0.0016032596622374154	161.00063393210442	0
582	137.2317176973433	0.003138720829612301	161.76770637065982	0
582.5	137.52588950309593	0.011303231200247116	163.33301116819524	0
583	137.82006130884898	0.02679114435721764	164.89831596572998	2.7555392186233175E-4
583.5	138.11423311460163	0.04767484122082568	166.46362076326565	0.12033440227601576
584	138.42405007008696	0.09613898835051916	168.06696645779203	0.3748803357079915
584.5	139.59848953598583	0.1519779601235824	171.7726260589345	0.5940456291928473
585	140.77292900188516	0.19791535331912247	175.47828566007655	0.7421614502493306
585.5	141.94736846778397	0.22538167105596585	179.18394526121858	0.8016501353353793
586	142.450257446808	0.23141871071813816	179.95808389341914	0.7654518573268714
586.5	142.25134750624474	0.21177952740666653	177.66865800000429	0.6378624513823935
587	142.0524375656821	0.17324444432490219	175.3792321065896	0.43402360616985936
587.5	141.85352762511945	0.12223377540557577	173.08980621317417	0.17825360970640802
588	140.96324858182052	0.06549917521230164	170.39849452289508	0.011560514372005504
588.5	140.0443136427823	0.03451839451840724	167.6905254531516	0
589	139.20182841273717	0.017771469600959728	165.42534079677014	0
589.5	138.47491368609423	0.00732309160199968	163.8295219002379	0
590	137.7479989594507	0.0020743184304105747	162.23370300370567	0
590.5	137.26859508523648	0.001656819214776388	161.0958176231597	0
591	136.83772267649684	0.002458884282044916	160.04772299078633	0
591.5	136.54989339086117	0.009730639044585217	159.44223562713185	0
592	136.6410801547187	0.024158026732019913	160.0095083013293	0
592.5	136.73226691857624	0.0434762995658547	160.5767809755258	0.0884655423063612
593	137.57483781672525	0.08790410575993468	163.99234864996916	0.33790403244190825
593.5	138.76505657905054	0.14404003796773002	168.72575579984118	0.5655425107728834
594	139.9467374300473	0.19219012210925088	173.30935826529432	0.7255141278099256
594.5	141.0455030690907	0.22255411682648366	176.43814506410425	0.798834231943877
595	142.14426870813446	0.23228013077083265	179.56693186291457	0.7768015506695436
595.5	142.40853842829054	0.21597701124608548	179.12589882480654	0.6620308151858794
596	142.41226641547345	0.17998901777977422	177.570316241678	0.468142456844605
596.5	142.00509668388764	0.13044704675342764	175.15452604348138	0.21814620076053112
597	141.05498482692218	0.0730197910583065	171.60209543707617	0.02150279793065202
597.5	140.11479636006828	0.037852532661827275	168.1974469347859	0
598	139.264422172623	0.01973588575115202	166.13033963985342	0
598.5	138.41404798517758	0.008644537138627078	164.06323234492078	0
599	137.76500201735908	0.002275654813866964	162.57511753615418	0
599.5	137.17670327856865	0.001705129155796883	161.2617034684359	0
600	136.96607600353147	0.0018270897297377661	161.17510706302747	0
600.5	137.24217367500142	0.008266873184471547	162.66957467322246	0
601	137.51827134647036	0.02155442242288722	164.16404228341824	0
601.5	137.7943690179399	0.04019907564520801	165.65850989361311	0.05974696556180036
602	138.07046668940893	0.07982986474585231	167.15297750380842	0.30002853999180734
602.5	139.04808214751847	0.13581844500276744	170.39848175482572	0.5355426503835672
603	140.23013129132897	0.18598842608368132	174.1542665448376	0.7069501366557585
603.5	141.4121804351395	0.2193355658342755	177.91005133484927	0.7939091939909921
604	142.32335921722049	0.23251241764524003	180.46524793679214	0.7860999454114364
604.5	142.2671909358009	0.21961810550481478	178.73283828021195	0.6844491544665234
605	142.2110226543818	0.1863474372591665	177.00042862363182	0.5010202414531075
605.5	142.13826457417778	0.13838415520972322	175.2432116150718	0.2575816555067311
606	141.1964333214692	0.08148493183279595	172.18643670554545	0.035213415283666664
606.5	140.2546020687609	0.041432108255404464	169.1296617960194	0
607	139.38278670881252	0.021798048480991417	166.59906521075084	0
607.5	138.613634564074	0.00995384195911263	164.83999572328548	0
608	137.84448241933546	0.002799162786881675	163.08092623581874	0
608.5	137.31646341947453	0.001748062671325913	161.82397659631548	0
609	136.85169354483708	0.00151780387425175	160.69873278745538	0
609.5	136.47575269477088	0.00699753011100723	159.8143153278427	0
610	136.50739605670097	0.019076202121990755	160.03490851380545	0
610.5	136.53903941863007	0.03713427158450819	160.25550169976952	0.036021337514681416
611	137.1756634170299	0.07202784771719926	162.87039252038196	0.261353281821577
611.5	138.33422998416637	0.12737679416345526	167.55094591334705	0.5041247978930066
612	139.49279655130385	0.1794797782460633	172.23149930631178	0.6865182074086994
612.5	140.61598767254353	0.21562945505267575	175.62439937491735	0.7868879497398671
613	141.73501729100593	0.23211496158650202	178.86582226069748	0.7933226331936709
613.5	142.26477367811603	0.2228692905769298	179.5728787029589	0.7050586209084926
614	142.29872533638863	0.19245885872216764	178.14756123028826	0.532570655553643
614.5	142.14513189995037	0.14608536268232925	176.30945020114217	0.2963287679364381
615	141.19920333914578	0.09014893498747316	172.72738082208048	0.05431854906975886
615.5	140.25327477834222	0.04541998914892599	169.14531144301858	1.30775623404123E-5
616	139.386150646662	0.023959292577127714	166.8260502546875	0
616.5	138.5340679487435	0.011283425031770895	164.74782178450556	0
617	137.81039251421595	0.0035025282141303207	163.0412135874483	0
617.5	137.22141361773828	0.0017855070605496412	161.72442729717284	0
618	136.7525075102958	0.001500776975806626	160.79917556626347	0
618.5	137.0439960496692	0.0058096964638316255	162.35342635528252	0
619	137.3354845890423	0.016732955725805364	163.90767714430174	0
619.5	137.62697312841556	0.03424506182648138	165.46192793332105	0.01793945351298495
620	137.9184616677886	0.06452621147962481	167.01617872234021	0.2221762754452559
620.5	138.59296176594663	0.1189935057691748	169.50462979657792	0.4713714254095542
621	139.7689506630015	0.17263642179650787	173.21625800011256	0.6642719740428191
621.5	140.94493956005545	0.21146108219300866	176.92788620364752	0.7777889300115435
622	142.12092845710987	0.2311452448240816	180.63951440718196	0.7984506544043384
622.5	142.0602942617912	0.225920368031783	178.95233888040994	0.7238051145012068
623	141.86171603990198	0.1981542270055872	176.66293238300685	0.5627108790626006
623.5	141.6631378180128	0.15358778950792557	174.37352588560415	0.3342858265765445
624	141.20092333908414	0.09873985207589085	171.93195010698926	0.07917327259440918
624.5	140.28254875839184	0.04976055474124463	169.22708142783588	3.898811417813845E-4
625	139.36417417769985	0.026364817804948173	166.5222127486813	0
625.5	138.60004508889796	0.012864756309207569	164.71043929206016	0
626	137.87346842152556	0.0043166247250137285	163.1160977212069	0
626.5	137.21855786679922	0.0018173640316535191	161.65421116972033	0
627	136.78793660431077	0.0014968907790649183	160.60686143975724	0
627.5	136.35731534182253	0.004703585331510683	159.55951170979483	0
628	136.2819203446207	0.014571505417864223	159.61193029054022	0
628.5	136.37361763062083	0.03150897943374847	160.18166083829283	0.006450936298077401
629	136.56517328623724	0.05767238102804758	161.12973369952545	0.18368148281846264
629.5	137.75609210811575	0.11074422281949524	165.8641829434809	0.43736851079212835
630	138.94701092999486	0.1654064675429791	170.59863218743757	0.640269833094583
630.5	140.0923831242437	0.20690491767223174	174.5290657217137	0.7666360198039502
631	141.192498207898	0.22956604290736599	177.66059427036342	0.8014705479476589
631.5	142.10514712768668	0.22841138176993195	179.99017968211567	0.740639425552446
632	142.11068944434382	0.20343287242695232	178.43934262287155	0.5913617936575859
632.5	142.11623176099985	0.16086003982151226	176.88850556362604	0.37135319385131943
633	141.31849787842197	0.10734248545341707	173.65232526316535	0.11088353279672328
633.5	140.36883180460848	0.054752935428395634	170.09737802815715	0.0022367235455803616
634	139.46968523788036	0.02907347352755841	167.30126877802059	0
634.5	138.6189571283791	0.014567054488157578	165.23243828875223	0
635	137.81543609909076	0.005339816184845277	163.2996020849303	0
